32736,32935,32857,32707,33952,35041,28922,30068,33064,37406,33425,20386
32719,32907,32654,32807,33952,35041,28922,30068,33064,37406,33425,20386
32792,32870,32925,32811,33952,35041,28922,30068,33064,37406,33425,20386
32775,32847,32647,32756,33952,35041,28922,30068,33064,37406,33425,20386
32782,32787,32921,32722,33952,35041,28922,30068,33064,37406,33425,20386
32791,32841,32670,32771,33952,35041,28922,30068,33064,37406,33425,20386
32857,32921,32847,32751,33952,35041,28922,30068,33064,37406,33425,20386
32799,33069,32908,32815,33952,35041,28922,30068,33064,37406,33425,20386
32856,33127,32699,32711,33952,35041,28922,30068,33064,37406,33425,20386
32880,33095,32939,32831,33952,35041,28922,30068,33064,37406,33425,20386
32864,32899,32845,32855,33956,35060,28913,30020,33056,37472,33440,20360
32870,32543,32641,32855,33956,35060,28913,30020,33056,37472,33440,20360
32741,32479,32935,32923,33956,35060,28913,30020,33056,37472,33440,20360
32808,32587,32679,32877,33956,35060,28913,30020,33056,37472,33440,20360
32728,32641,32837,32911,33956,35060,28913,30020,33056,37472,33440,20360
32754,32748,32827,32775,33956,35060,28913,30020,33056,37472,33440,20360
32750,32783,32677,32685,33956,35060,28913,30020,33056,37472,33440,20360
32667,32807,32911,32630,33956,35060,28913,30020,33056,37472,33440,20360
32688,32877,32839,32718,33956,35060,28913,30020,33056,37472,33440,20360
32675,32733,32711,32818,33956,35060,28913,30020,33056,37472,33440,20360
32724,32655,32807,32818,33948,35120,28885,30052,33064,37484,33458,20406
32736,32917,32615,32799,33948,35120,28885,30052,33064,37484,33458,20406
32710,32987,32801,32834,33948,35120,28885,30052,33064,37484,33458,20406
32740,32805,32586,32765,33948,35120,28885,30052,33064,37484,33458,20406
32786,32843,32775,32687,33948,35120,28885,30052,33064,37484,33458,20406
32770,32982,32855,32587,33948,35120,28885,30052,33064,37484,33458,20406
32824,32855,32613,32692,33948,35120,28885,30052,33064,37484,33458,20406
32728,32925,32789,32695,33948,35120,28885,30052,33064,37484,33458,20406
32674,32903,32839,32649,33948,35120,28885,30052,33064,37484,33458,20406
32729,32917,32575,32731,33948,35120,28885,30052,33064,37484,33458,20406
32717,32863,32846,32805,33948,35120,28874,29993,33080,37528,33436,20408
32616,32851,32843,32867,33948,35120,28874,29993,33080,37528,33436,20408
32681,32834,32775,32770,33948,35120,28874,29993,33080,37528,33436,20408
32801,32820,32863,32769,33948,35120,28874,29993,33080,37528,33436,20408
32876,32774,32635,32825,33948,35120,28874,29993,33080,37528,33436,20408
32816,32711,32873,32852,33948,35120,28874,29993,33080,37528,33436,20408
32902,32732,32845,32691,33948,35120,28874,29993,33080,37528,33436,20408
32916,32598,32623,32768,33948,35120,28874,29993,33080,37528,33436,20408
32870,32646,32954,32799,33948,35120,28874,29993,33080,37528,33436,20408
32814,32695,32858,32766,33948,35120,28874,29993,33080,37528,33436,20408
32794,32799,32832,32863,33984,35088,28860,30034,33098,37472,33412,20352
32764,32883,32927,32887,33984,35088,28860,30034,33098,37472,33412,20352
32760,32875,32711,32761,33984,35088,28860,30034,33098,37472,33412,20352
32710,32893,32835,32902,33984,35088,28860,30034,33098,37472,33412,20352
32678,32846,32891,32770,33984,35088,28860,30034,33098,37472,33412,20352
32758,33027,32694,32687,33984,35088,28860,30034,33098,37472,33412,20352
32763,32986,32887,32855,33984,35088,28860,30034,33098,37472,33412,20352
32748,32813,32691,32691,33984,35088,28860,30034,33098,37472,33412,20352
32814,32769,32887,32837,33984,35088,28860,30034,33098,37472,33412,20352
32730,32831,32655,32811,33984,35088,28860,30034,33098,37472,33412,20352
32854,32827,32882,32935,33980,35016,28888,30028,33101,37432,33418,20368
32769,32960,32689,32737,33980,35016,28888,30028,33101,37432,33418,20368
32700,32914,32795,32612,33980,35016,28888,30028,33101,37432,33418,20368
32682,32815,32770,32766,33980,35016,28888,30028,33101,37432,33418,20368
32710,32765,32562,32726,33980,35016,28888,30028,33101,37432,33418,20368
32751,32761,32796,32775,33980,35016,28888,30028,33101,37432,33418,20368
32669,32815,32603,32843,33980,35016,28888,30028,33101,37432,33418,20368
32717,32667,32797,32815,33980,35016,28888,30028,33101,37432,33418,20368
32682,32703,32795,32816,33980,35016,28888,30028,33101,37432,33418,20368
32666,32847,32733,32655,33980,35016,28888,30028,33101,37432,33418,20368
32793,32958,32811,32750,33989,35025,28916,29956,33122,37400,33458,20358
32797,32971,32590,32797,33989,35025,28916,29956,33122,37400,33458,20358
32697,32845,32851,32667,33989,35025,28916,29956,33122,37400,33458,20358
32770,32773,32647,32812,33989,35025,28916,29956,33122,37400,33458,20358
32844,32802,32850,32841,33989,35025,28916,29956,33122,37400,33458,20358
32880,32811,32773,32793,33989,35025,28916,29956,33122,37400,33458,20358
32913,32780,32938,32875,33989,35025,28916,29956,33122,37400,33458,20358
32846,32704,32842,32773,33989,35025,28916,29956,33122,37400,33458,20358
32841,32719,32825,32765,33989,35025,28916,29956,33122,37400,33458,20358
32833,32660,32708,32707,33989,35025,28916,29956,33122,37400,33458,20358
32852,32720,32947,32845,34000,35024,28952,30128,33160,37384,33408,20382
32886,32739,32643,32932,34000,35024,28952,30128,33160,37384,33408,20382
32834,32789,32901,32921,34000,35024,28952,30128,33160,37384,33408,20382
32846,32775,32694,32841,34000,35024,28952,30128,33160,37384,33408,20382
32787,32783,32883,32873,34000,35024,28952,30128,33160,37384,33408,20382
32793,32763,32659,32833,34000,35024,28952,30128,33160,37384,33408,20382
32740,32829,32827,32742,34000,35024,28952,30128,33160,37384,33408,20382
32721,32909,32865,32702,34000,35024,28952,30128,33160,37384,33408,20382
32710,32951,32720,32775,34000,35024,28952,30128,33160,37384,33408,20382
32730,32914,32903,32666,34000,35024,28952,30128,33160,37384,33408,20382
32805,32771,32690,32819,33982,34976,29020,29994,33144,37372,33420,20428
32743,32772,32685,32741,33982,34976,29020,29994,33144,37372,33420,20428
32691,32820,32823,32822,33982,34976,29020,29994,33144,37372,33420,20428
32656,32803,32667,32751,33982,34976,29020,29994,33144,37372,33420,20428
32655,32811,32813,32807,33982,34976,29020,29994,33144,37372,33420,20428
32681,32722,32699,32695,33982,34976,29020,29994,33144,37372,33420,20428
32728,32599,32843,32741,33982,34976,29020,29994,33144,37372,33420,20428
32685,32503,32572,32755,33982,34976,29020,29994,33144,37372,33420,20428
32692,32583,32845,32709,33982,34976,29020,29994,33144,37372,33420,20428
32690,32891,32775,32813,33982,34976,29020,29994,33144,37372,33420,20428
32792,32892,32671,32887,33992,35028,29080,30012,33178,37360,33424,20368
32772,32831,32795,32916,33992,35028,29080,30012,33178,37360,33424,20368
32768,32893,32665,32818,33992,35028,29080,30012,33178,37360,33424,20368
32820,32875,32968,32775,33992,35028,29080,30012,33178,37360,33424,20368
32856,32822,32594,32877,33992,35028,29080,30012,33178,37360,33424,20368
32760,32727,32894,32747,33992,35028,29080,30012,33178,37360,33424,20368
32788,32667,32715,32698,33992,35028,29080,30012,33178,37360,33424,20368
32766,32603,32923,32807,33992,35028,29080,30012,33178,37360,33424,20368
32822,32590,32968,32825,33992,35028,29080,30012,33178,37360,33424,20368
32775,32635,32673,32775,33992,35028,29080,30012,33178,37360,33424,20368
32743,32659,32972,32743,33972,35040,29066,29993,33204,37370,33412,20362
32790,32703,32799,32711,33972,35040,29066,29993,33204,37370,33412,20362
32743,33005,32758,32850,33972,35040,29066,29993,33204,37370,33412,20362
32793,33525,32929,32809,33972,35040,29066,29993,33204,37370,33412,20362
32795,33533,32548,32772,33972,35040,29066,29993,33204,37370,33412,20362
32686,33378,32930,32758,33972,35040,29066,29993,33204,37370,33412,20362
32674,32965,32599,32747,33972,35040,29066,29993,33204,37370,33412,20362
32660,32909,32875,32768,33972,35040,29066,29993,33204,37370,33412,20362
32642,32790,32696,32799,33972,35040,29066,29993,33204,37370,33412,20362
32704,32641,32658,32807,33972,35040,29066,29993,33204,37370,33412,20362
32727,32541,32891,32805,33964,35015,29066,30112,33237,37364,33376,20371
32766,32579,32656,32723,33964,35015,29066,30112,33237,37364,33376,20371
32771,32775,32767,32639,33964,35015,29066,30112,33237,37364,33376,20371
32785,32843,32890,32631,33964,35015,29066,30112,33237,37364,33376,20371
32812,32910,32699,32686,33964,35015,29066,30112,33237,37364,33376,20371
32801,32909,32845,32709,33964,35015,29066,30112,33237,37364,33376,20371
32839,32800,32658,32730,33964,35015,29066,30112,33237,37364,33376,20371
32765,32763,32949,32738,33964,35015,29066,30112,33237,37364,33376,20371
32858,32735,32676,32609,33964,35015,29066,30112,33237,37364,33376,20371
32841,32741,32831,32978,33964,35015,29066,30112,33237,37364,33376,20371
32893,32629,32839,32957,33961,34936,28976,30010,33273,37320,33332,20390
32819,32764,32623,32823,33961,34936,28976,30010,33273,37320,33332,20390
32787,32934,32959,32967,33961,34936,28976,30010,33273,37320,33332,20390
32786,32908,32924,32955,33961,34936,28976,30010,33273,37320,33332,20390
32768,32663,32655,32916,33961,34936,28976,30010,33273,37320,33332,20390
32710,32746,32963,32853,33961,34936,28976,30010,33273,37320,33332,20390
32762,32930,32962,32643,33961,34936,28976,30010,33273,37320,33332,20390
32743,32881,32843,32594,33961,34936,28976,30010,33273,37320,33332,20390
32695,32857,33099,32796,33961,34936,28976,30010,33273,37320,33332,20390
32747,32765,32730,32775,33961,34936,28976,30010,33273,37320,33332,20390
32728,32807,32551,32795,33952,34920,28920,30012,33248,37344,33360,20464
32804,32815,32677,32795,33952,34920,28920,30012,33248,37344,33360,20464
32772,32740,32549,32783,33952,34920,28920,30012,33248,37344,33360,20464
32766,32677,32822,32924,33952,34920,28920,30012,33248,37344,33360,20464
32704,32697,32543,32713,33952,34920,28920,30012,33248,37344,33360,20464
32676,32827,32719,32714,33952,34920,28920,30012,33248,37344,33360,20464
32695,32791,32678,32751,33952,34920,28920,30012,33248,37344,33360,20464
32755,32813,32532,32717,33952,34920,28920,30012,33248,37344,33360,20464
32712,32922,32895,32861,33952,34920,28920,30012,33248,37344,33360,20464
32680,32950,32656,32793,33952,34920,28920,30012,33248,37344,33360,20464
32694,32991,32814,32743,33916,34944,28910,30066,33196,37344,33352,20452
32788,33032,32653,32815,33916,34944,28910,30066,33196,37344,33352,20452
32850,33022,32761,32729,33916,34944,28910,30066,33196,37344,33352,20452
32862,32978,32775,32801,33916,34944,28910,30066,33196,37344,33352,20452
32855,32877,32539,32759,33916,34944,28910,30066,33196,37344,33352,20452
32859,32671,32883,32747,33916,34944,28910,30066,33196,37344,33352,20452
32865,32455,32629,32851,33916,34944,28910,30066,33196,37344,33352,20452
32824,32519,32831,32801,33916,34944,28910,30066,33196,37344,33352,20452
32802,32635,32774,32734,33916,34944,28910,30066,33196,37344,33352,20452
32824,32775,32573,32903,33916,34944,28910,30066,33196,37344,33352,20452
32802,32804,32714,32843,33888,34980,28882,30148,33131,37394,33280,20384
32700,32829,32797,32851,33888,34980,28882,30148,33131,37394,33280,20384
32767,32823,32726,32859,33888,34980,28882,30148,33131,37394,33280,20384
32722,32871,32613,32853,33888,34980,28882,30148,33131,37394,33280,20384
32760,32775,32886,32919,33888,34980,28882,30148,33131,37394,33280,20384
32748,32887,32853,32793,33888,34980,28882,30148,33131,37394,33280,20384
32733,32815,32626,32765,33888,34980,28882,30148,33131,37394,33280,20384
32770,32786,32941,32651,33888,34980,28882,30148,33131,37394,33280,20384
32758,32745,32854,32855,33888,34980,28882,30148,33131,37394,33280,20384
32712,32647,32681,32829,33888,34980,28882,30148,33131,37394,33280,20384
32669,32784,32785,32795,33921,34932,28828,30146,33120,37440,33236,20402
32621,32807,32851,32842,33921,34932,28828,30146,33120,37440,33236,20402
32630,32887,32570,32747,33921,34932,28828,30146,33120,37440,33236,20402
32728,32892,32935,32699,33921,34932,28828,30146,33120,37440,33236,20402
32670,32827,32823,32637,33921,34932,28828,30146,33120,37440,33236,20402
32829,32755,32764,32775,33921,34932,28828,30146,33120,37440,33236,20402
32813,32877,32965,32953,33921,34932,28828,30146,33120,37440,33236,20402
32841,33033,32679,32824,33921,34932,28828,30146,33120,37440,33236,20402
32893,33143,33039,32678,33921,34932,28828,30146,33120,37440,33236,20402
32915,33102,32775,32663,33921,34932,28828,30146,33120,37440,33236,20402
32868,33043,32855,32643,33936,34928,28804,30172,33120,37460,33204,20396
32852,32840,33001,32773,33936,34928,28804,30172,33120,37460,33204,20396
32790,32774,32763,32827,33936,34928,28804,30172,33120,37460,33204,20396
32662,32710,32869,32770,33936,34928,28804,30172,33120,37460,33204,20396
32713,32699,32795,32842,33936,34928,28804,30172,33120,37460,33204,20396
32692,32719,32695,32699,33936,34928,28804,30172,33120,37460,33204,20396
32712,32451,32835,32658,33936,34928,28804,30172,33120,37460,33204,20396
32757,32406,32601,32766,33936,34928,28804,30172,33120,37460,33204,20396
32706,32691,32873,32702,33936,34928,28804,30172,33120,37460,33204,20396
32718,32849,32655,32943,33936,34928,28804,30172,33120,37460,33204,20396
32661,32875,32911,32615,33964,34866,28770,29997,33112,37448,33212,20432
32689,32798,32612,32647,33964,34866,28770,29997,33112,37448,33212,20432
32712,32823,32832,32763,33964,34866,28770,29997,33112,37448,33212,20432
32708,33006,32805,32923,33964,34866,28770,29997,33112,37448,33212,20432
32694,32960,32843,32775,33964,34866,28770,29997,33112,37448,33212,20432
32711,32749,32917,32724,33964,34866,28770,29997,33112,37448,33212,20432
32716,32768,32671,32816,33964,34866,28770,29997,33112,37448,33212,20432
32826,32673,32847,32878,33964,34866,28770,29997,33112,37448,33212,20432
32818,32679,32585,32853,33964,34866,28770,29997,33112,37448,33212,20432
32880,32735,32607,32839,33964,34866,28770,29997,33112,37448,33212,20432
32939,32767,32741,32806,33936,34860,28764,30108,33120,37442,33180,20518
32898,32904,32477,32811,33936,34860,28764,30108,33120,37442,33180,20518
32861,32851,32750,32841,33936,34860,28764,30108,33120,37442,33180,20518
32914,32815,32639,32795,33936,34860,28764,30108,33120,37442,33180,20518
32846,32807,32806,32815,33936,34860,28764,30108,33120,37442,33180,20518
32796,32907,32707,32703,33936,34860,28764,30108,33120,37442,33180,20518
32850,33047,32861,32770,33936,34860,28764,30108,33120,37442,33180,20518
32814,33081,32483,32711,33936,34860,28764,30108,33120,37442,33180,20518
32765,32967,32836,32873,33936,34860,28764,30108,33120,37442,33180,20518
32773,32879,32612,32832,33936,34860,28764,30108,33120,37442,33180,20518
32656,32873,32883,32791,33940,34844,28772,30040,33157,37436,33172,20452
32704,32771,32630,32851,33940,34844,28772,30040,33157,37436,33172,20452
32643,32769,32932,32817,33940,34844,28772,30040,33157,37436,33172,20452
32646,32734,32701,32899,33940,34844,28772,30040,33157,37436,33172,20452
32680,32582,32856,32899,33940,34844,28772,30040,33157,37436,33172,20452
32728,32593,32623,32895,33940,34844,28772,30040,33157,37436,33172,20452
32652,32822,32886,32707,33940,34844,28772,30040,33157,37436,33172,20452
32721,32855,32675,32717,33940,34844,28772,30040,33157,37436,33172,20452
32792,32835,32879,32752,33940,34844,28772,30040,33157,37436,33172,20452
32813,32861,32660,32871,33940,34844,28772,30040,33157,37436,33172,20452
32805,32775,32948,32685,33916,34836,28776,30138,33168,37456,33106,20472
32760,32827,32762,32767,33916,34836,28776,30138,33168,37456,33106,20472
32825,32756,32943,32766,33916,34836,28776,30138,33168,37456,33106,20472
32839,32717,32655,32897,33916,34836,28776,30138,33168,37456,33106,20472
32825,32739,32931,32837,33916,34836,28776,30138,33168,37456,33106,20472
32796,32731,32695,32823,33916,34836,28776,30138,33168,37456,33106,20472
32746,32773,32953,32615,33916,34836,28776,30138,33168,37456,33106,20472
32861,32904,32623,32675,33916,34836,28776,30138,33168,37456,33106,20472
32844,32768,32871,32707,33916,34836,28776,30138,33168,37456,33106,20472
32740,32824,32695,32709,33916,34836,28776,30138,33168,37456,33106,20472
32725,32903,32943,32795,33968,34794,28769,30060,33214,37412,33120,20458
32759,32925,32633,32770,33968,34794,28769,30060,33214,37412,33120,20458
32704,32860,32908,32798,33968,34794,28769,30060,33214,37412,33120,20458
32741,32817,32663,32764,33968,34794,28769,30060,33214,37412,33120,20458
32708,32751,32871,32694,33968,34794,28769,30060,33214,37412,33120,20458
32698,32751,32663,32826,33968,34794,28769,30060,33214,37412,33120,20458
32681,32667,32978,32803,33968,34794,28769,30060,33214,37412,33120,20458
32736,32642,32715,32775,33968,34794,28769,30060,33214,37412,33120,20458
32757,32641,32901,32821,33968,34794,28769,30060,33214,37412,33120,20458
32715,32775,32681,32630,33968,34794,28769,30060,33214,37412,33120,20458
32709,32731,32783,32717,34032,34748,28740,30184,33210,37356,33197,20517
32783,32663,32742,32933,34032,34748,28740,30184,33210,37356,33197,20517
32795,32755,32663,32959,34032,34748,28740,30184,33210,37356,33197,20517
32770,32962,32845,32689,34032,34748,28740,30184,33210,37356,33197,20517
32788,33031,32564,32690,34032,34748,28740,30184,33210,37356,33197,20517
32754,32927,32867,32835,34032,34748,28740,30184,33210,37356,33197,20517
32784,32758,32671,32728,34032,34748,28740,30184,33210,37356,33197,20517
32798,32698,32891,32730,34032,34748,28740,30184,33210,37356,33197,20517
32725,32689,32613,32724,34032,34748,28740,30184,33210,37356,33197,20517
32680,32882,32891,32882,34032,34748,28740,30184,33210,37356,33197,20517
32694,32796,32653,32903,34056,34760,28796,30072,33242,37320,33180,20485
32693,32951,32817,32989,34056,34760,28796,30072,33242,37320,33180,20485
32813,33027,32822,32720,34056,34760,28796,30072,33242,37320,33180,20485
32802,33011,32647,32707,34056,34760,28796,30072,33242,37320,33180,20485
32848,32911,32812,32682,34056,34760,28796,30072,33242,37320,33180,20485
32932,32710,32707,32812,34056,34760,28796,30072,33242,37320,33180,20485
32882,32583,32827,32856,34056,34760,28796,30072,33242,37320,33180,20485
32884,32795,32785,32728,34056,34760,28796,30072,33242,37320,33180,20485
32881,32899,32804,32786,34056,34760,28796,30072,33242,37320,33180,20485
32832,32935,32679,32747,34056,34760,28796,30072,33242,37320,33180,20485
32782,32823,32886,32757,34040,34786,28872,30176,33268,37284,33192,20550
32804,32694,32723,32819,34040,34786,28872,30176,33268,37284,33192,20550
32731,32739,32835,32819,34040,34786,28872,30176,33268,37284,33192,20550
32624,32690,32803,32807,34040,34786,28872,30176,33268,37284,33192,20550
32665,32668,32829,32711,34040,34786,28872,30176,33268,37284,33192,20550
32682,32838,32763,32839,34040,34786,28872,30176,33268,37284,33192,20550
32582,33085,32850,32911,34040,34786,28872,30176,33268,37284,33192,20550
32646,33119,32797,32836,34040,34786,28872,30176,33268,37284,33192,20550
32656,33419,32733,32679,34040,34786,28872,30176,33268,37284,33192,20550
32630,33129,32931,32658,34040,34786,28872,30176,33268,37284,33192,20550
32678,32423,32739,32702,34056,34750,28936,30176,33266,37304,33186,20514
32680,31831,32962,32794,34056,34750,28936,30176,33266,37304,33186,20514
32775,31961,32631,32825,34056,34750,28936,30176,33266,37304,33186,20514
32750,32177,32795,32949,34056,34750,28936,30176,33266,37304,33186,20514
32764,32540,32611,32770,34056,34750,28936,30176,33266,37304,33186,20514
32834,32930,32855,32755,34056,34750,28936,30176,33266,37304,33186,20514
32934,33444,32631,32717,34056,34750,28936,30176,33266,37304,33186,20514
32934,33223,32835,32918,34056,34750,28936,30176,33266,37304,33186,20514
32801,32849,32855,32803,34056,34750,28936,30176,33266,37304,33186,20514
32851,33108,32687,32763,34056,34750,28936,30176,33266,37304,33186,20514
32769,33363,32903,32584,34056,34774,28928,30064,33292,37308,33144,20465
32827,33275,32717,32834,34056,34774,28928,30064,33292,37308,33144,20465
32821,32999,32861,32747,34056,34774,28928,30064,33292,37308,33144,20465
32819,32573,32751,32695,34056,34774,28928,30064,33292,37308,33144,20465
32814,32505,32815,32730,34056,34774,28928,30064,33292,37308,33144,20465
32834,32575,32908,32820,34056,34774,28928,30064,33292,37308,33144,20465
32818,32589,32565,32946,34056,34774,28928,30064,33292,37308,33144,20465
32754,32747,32839,32765,34056,34774,28928,30064,33292,37308,33144,20465
32780,33023,32652,32903,34056,34774,28928,30064,33292,37308,33144,20465
32726,32923,32769,32754,34056,34774,28928,30064,33292,37308,33144,20465
32740,32794,32799,32855,34105,34778,28888,30092,33289,37316,33144,20488
32715,32957,32722,32711,34105,34778,28888,30092,33289,37316,33144,20488
32707,33004,32844,32790,34105,34778,28888,30092,33289,37316,33144,20488
32704,32771,32658,32751,34105,34778,28888,30092,33289,37316,33144,20488
32689,32467,32850,32908,34105,34778,28888,30092,33289,37316,33144,20488
32746,32307,32647,32890,34105,34778,28888,30092,33289,37316,33144,20488
32702,32521,32833,32971,34105,34778,28888,30092,33289,37316,33144,20488
32696,32987,32631,32732,34105,34778,28888,30092,33289,37316,33144,20488
32656,33107,32915,32678,34105,34778,28888,30092,33289,37316,33144,20488
32722,33115,32653,32734,34105,34778,28888,30092,33289,37316,33144,20488
32838,32827,32879,32725,34149,34787,28816,30064,33328,37316,33152,20496
32955,32325,32638,32821,34149,34787,28816,30064,33328,37316,33152,20496
32957,32411,32875,32859,34149,34787,28816,30064,33328,37316,33152,20496
32951,32963,32753,32807,34149,34787,28816,30064,33328,37316,33152,20496
32905,32999,32876,32614,34149,34787,28816,30064,33328,37316,33152,20496
32872,32846,32679,32791,34149,34787,28816,30064,33328,37316,33152,20496
32814,33049,32998,32839,34149,34787,28816,30064,33328,37316,33152,20496
32740,33223,32679,32886,34149,34787,28816,30064,33328,37316,33152,20496
32740,33159,32999,32613,34149,34787,28816,30064,33328,37316,33152,20496
32744,32767,32710,32635,34149,34787,28816,30064,33328,37316,33152,20496
32736,32501,32899,32839,34184,34756,28767,30185,33360,37348,33170,20544
32775,32545,32611,32837,34184,34756,28767,30185,33360,37348,33170,20544
32790,32679,32858,32807,34184,34756,28767,30185,33360,37348,33170,20544
32732,32898,32634,32869,34184,34756,28767,30185,33360,37348,33170,20544
32661,33086,32895,32847,34184,34756,28767,30185,33360,37348,33170,20544
32704,33071,32667,32805,34184,34756,28767,30185,33360,37348,33170,20544
32775,32811,32911,32818,34184,34756,28767,30185,33360,37348,33170,20544
32756,32498,32695,32736,34184,34756,28767,30185,33360,37348,33170,20544
32721,32678,32903,32692,34184,34756,28767,30185,33360,37348,33170,20544
32724,32912,32719,32902,34184,34756,28767,30185,33360,37348,33170,20544
32704,32854,32888,32971,34208,34768,28812,30057,33396,37356,33185,20528
32620,32759,32825,32951,34208,34768,28812,30057,33396,37356,33185,20528
32666,32965,32686,33046,34208,34768,28812,30057,33396,37356,33185,20528
32724,32967,32893,32523,34208,34768,28812,30057,33396,37356,33185,20528
32701,32792,32634,32358,34208,34768,28812,30057,33396,37356,33185,20528
32796,32895,32887,32867,34208,34768,28812,30057,33396,37356,33185,20528
32723,32871,32811,32867,34208,34768,28812,30057,33396,37356,33185,20528
32766,32789,32548,32888,34208,34768,28812,30057,33396,37356,33185,20528
32829,32661,32803,32771,34208,34768,28812,30057,33396,37356,33185,20528
32926,32504,32805,32722,34208,34768,28812,30057,33396,37356,33185,20528
32961,32391,32680,32629,34272,34785,28806,30228,33412,37404,33140,20532
32928,32540,32875,32697,34272,34785,28806,30228,33412,37404,33140,20532
32855,32705,32857,32727,34272,34785,28806,30228,33412,37404,33140,20532
32849,32602,32610,32698,34272,34785,28806,30228,33412,37404,33140,20532
32838,32479,32801,32634,34272,34785,28806,30228,33412,37404,33140,20532
32775,32617,32795,32742,34272,34785,28806,30228,33412,37404,33140,20532
32740,33052,32663,32898,34272,34785,28806,30228,33412,37404,33140,20532
32692,33437,32612,32927,34272,34785,28806,30228,33412,37404,33140,20532
32702,33453,32849,32850,34272,34785,28806,30228,33412,37404,33140,20532
32726,33188,32607,32817,34272,34785,28806,30228,33412,37404,33140,20532
32751,32935,32755,32809,34352,34744,28808,30237,33440,37394,33169,20542
32733,32804,32847,32733,34352,34744,28808,30237,33440,37394,33169,20542
32742,32631,32663,32595,34352,34744,28808,30237,33440,37394,33169,20542
32759,32501,32909,32625,34352,34744,28808,30237,33440,37394,33169,20542
32726,32487,32744,32837,34352,34744,28808,30237,33440,37394,33169,20542
32729,32669,32732,32903,34352,34744,28808,30237,33440,37394,33169,20542
32723,32865,32815,32653,34352,34744,28808,30237,33440,37394,33169,20542
32780,33219,32543,32791,34352,34744,28808,30237,33440,37394,33169,20542
32708,33523,32825,32773,34352,34744,28808,30237,33440,37394,33169,20542
32744,33021,32791,32750,34352,34744,28808,30237,33440,37394,33169,20542
32735,32499,32719,32866,34368,34712,28805,30148,33536,37320,33208,20504
32676,32314,32809,32978,34368,34712,28805,30148,33536,37320,33208,20504
32641,32567,32651,32870,34368,34712,28805,30148,33536,37320,33208,20504
32711,32635,32880,32645,34368,34712,28805,30148,33536,37320,33208,20504
32715,32391,32655,32747,34368,34712,28805,30148,33536,37320,33208,20504
32754,32350,32773,32852,34368,34712,28805,30148,33536,37320,33208,20504
32741,32505,32621,32531,34368,34712,28805,30148,33536,37320,33208,20504
32740,33031,32911,32531,34368,34712,28805,30148,33536,37320,33208,20504
32636,33261,32857,32752,34368,34712,28805,30148,33536,37320,33208,20504
32676,33187,32701,32891,34368,34712,28805,30148,33536,37320,33208,20504
32703,33045,32869,33023,34412,34610,28824,30157,33632,37224,33214,20538
32731,32869,32720,33117,34412,34610,28824,30157,33632,37224,33214,20538
32763,32755,32771,33043,34412,34610,28824,30157,33632,37224,33214,20538
32784,33219,32720,32903,34412,34610,28824,30157,33632,37224,33214,20538
32803,32774,32594,32879,34412,34610,28824,30157,33632,37224,33214,20538
32734,32498,32917,32882,34412,34610,28824,30157,33632,37224,33214,20538
32749,32796,32773,32647,34412,34610,28824,30157,33632,37224,33214,20538
32746,32676,32583,32641,34412,34610,28824,30157,33632,37224,33214,20538
32791,32835,32799,32631,34412,34610,28824,30157,33632,37224,33214,20538
32786,32527,32601,32518,34412,34610,28824,30157,33632,37224,33214,20538
32926,32295,32856,32623,34536,34434,28804,30084,33784,37132,33055,20502
32879,32039,32675,32587,34536,34434,28804,30084,33784,37132,33055,20502
32883,32279,32767,32711,34536,34434,28804,30084,33784,37132,33055,20502
32882,32055,32787,32888,34536,34434,28804,30084,33784,37132,33055,20502
32865,31798,32641,32953,34536,34434,28804,30084,33784,37132,33055,20502
32754,32601,32919,32831,34536,34434,28804,30084,33784,37132,33055,20502
32734,33641,32869,33047,34536,34434,28804,30084,33784,37132,33055,20502
32717,33891,32730,33159,34536,34434,28804,30084,33784,37132,33055,20502
32667,34323,32877,33055,34536,34434,28804,30084,33784,37132,33055,20502
32765,33487,32859,32985,34536,34434,28804,30084,33784,37132,33055,20502
33081,32477,32605,32789,34650,34300,28808,30113,33857,37080,33040,20506
32965,32495,32786,32327,34650,34300,28808,30113,33857,37080,33040,20506
32837,32734,32539,32379,34650,34300,28808,30113,33857,37080,33040,20506
33373,33159,32661,32815,34650,34300,28808,30113,33857,37080,33040,20506
33507,33623,32689,33117,34650,34300,28808,30113,33857,37080,33040,20506
33396,34374,32479,33098,34650,34300,28808,30113,33857,37080,33040,20506
33266,33819,32702,32597,34650,34300,28808,30113,33857,37080,33040,20506
32866,32109,32627,32775,34650,34300,28808,30113,33857,37080,33040,20506
32637,32215,32482,32888,34650,34300,28808,30113,33857,37080,33040,20506
32805,32871,32810,32532,34650,34300,28808,30113,33857,37080,33040,20506
32814,32855,32615,32642,34754,34236,28731,30164,33748,37128,32932,20506
32393,32375,32935,32885,34754,34236,28731,30164,33748,37128,32932,20506
31936,32450,32971,32619,34754,34236,28731,30164,33748,37128,32932,20506
31631,32860,32819,32493,34754,34236,28731,30164,33748,37128,32932,20506
31353,32031,33007,32551,34754,34236,28731,30164,33748,37128,32932,20506
31229,31483,32718,32559,34754,34236,28731,30164,33748,37128,32932,20506
31360,31118,33057,32698,34754,34236,28731,30164,33748,37128,32932,20506
31387,30939,32867,32695,34754,34236,28731,30164,33748,37128,32932,20506
31780,31310,33125,32723,34754,34236,28731,30164,33748,37128,32932,20506
32330,32147,33095,33037,34754,34236,28731,30164,33748,37128,32932,20506
32930,33215,32910,33351,34672,34249,28612,30304,33584,37256,32800,20540
33311,34597,33199,33672,34672,34249,28612,30304,33584,37256,32800,20540
33184,35287,32971,33682,34672,34249,28612,30304,33584,37256,32800,20540
33262,35485,32927,33199,34672,34249,28612,30304,33584,37256,32800,20540
33705,33634,32894,32543,34672,34249,28612,30304,33584,37256,32800,20540
34208,32570,32507,32322,34672,34249,28612,30304,33584,37256,32800,20540
34309,32978,32529,32379,34672,34249,28612,30304,33584,37256,32800,20540
34109,33275,32574,32359,34672,34249,28612,30304,33584,37256,32800,20540
33402,33306,32431,32480,34672,34249,28612,30304,33584,37256,32800,20540
32230,32993,32478,32945,34672,34249,28612,30304,33584,37256,32800,20540
31504,33037,32302,32881,34456,34464,28248,30225,33492,37572,32585,20513
31898,33118,32487,32709,34456,34464,28248,30225,33492,37572,32585,20513
32640,32871,32595,32791,34456,34464,28248,30225,33492,37572,32585,20513
33245,32653,32495,32701,34456,34464,28248,30225,33492,37572,32585,20513
33280,32450,32938,32750,34456,34464,28248,30225,33492,37572,32585,20513
32912,32518,32893,32750,34456,34464,28248,30225,33492,37572,32585,20513
32770,32708,32959,32803,34456,34464,28248,30225,33492,37572,32585,20513
32741,32883,33263,32911,34456,34464,28248,30225,33492,37572,32585,20513
33296,32770,32969,32787,34456,34464,28248,30225,33492,37572,32585,20513
33016,32639,33167,32772,34456,34464,28248,30225,33492,37572,32585,20513
32903,32407,33287,32614,34256,34638,28028,30296,33112,37696,32878,20456
32465,32079,32964,32655,34256,34638,28028,30296,33112,37696,32878,20456
32032,31476,33153,32557,34256,34638,28028,30296,33112,37696,32878,20456
32539,31348,32893,32223,34256,34638,28028,30296,33112,37696,32878,20456
32679,30930,33015,32180,34256,34638,28028,30296,33112,37696,32878,20456
33180,30232,33361,32391,34256,34638,28028,30296,33112,37696,32878,20456
33177,29355,33131,32570,34256,34638,28028,30296,33112,37696,32878,20456
32742,29999,33286,33035,34256,34638,28028,30296,33112,37696,32878,20456
32296,32328,33211,33656,34256,34638,28028,30296,33112,37696,32878,20456
31922,34671,33192,33589,34256,34638,28028,30296,33112,37696,32878,20456
33035,34743,32997,33525,34000,34624,28144,30128,32954,37584,32968,20506
33592,33948,32755,33418,34000,34624,28144,30128,32954,37584,32968,20506
33115,35573,32915,33268,34000,34624,28144,30128,32954,37584,32968,20506
33842,35366,32867,32832,34000,34624,28144,30128,32954,37584,32968,20506
34844,34341,32551,32498,34000,34624,28144,30128,32954,37584,32968,20506
35768,33543,32103,32112,34000,34624,28144,30128,32954,37584,32968,20506
35776,34276,32105,32114,34000,34624,28144,30128,32954,37584,32968,20506
35620,35375,31750,32340,34000,34624,28144,30128,32954,37584,32968,20506
34404,34255,31814,32599,34000,34624,28144,30128,32954,37584,32968,20506
32960,33683,31803,32699,34000,34624,28144,30128,32954,37584,32968,20506
31092,33997,31471,32645,33146,34552,28338,30184,32718,37484,32380,20446
29122,33236,32014,32603,33146,34552,28338,30184,32718,37484,32380,20446
27360,32177,32233,32372,33146,34552,28338,30184,32718,37484,32380,20446
26537,31990,32581,32239,33146,34552,28338,30184,32718,37484,32380,20446
26407,32684,32972,32560,33146,34552,28338,30184,32718,37484,32380,20446
27918,32562,33225,32755,33146,34552,28338,30184,32718,37484,32380,20446
30426,31452,33775,33021,33146,34552,28338,30184,32718,37484,32380,20446
31618,30079,34059,32967,33146,34552,28338,30184,32718,37484,32380,20446
32804,28920,33773,32550,33146,34552,28338,30184,32718,37484,32380,20446
34600,30108,33415,32481,33146,34552,28338,30184,32718,37484,32380,20446
37019,29978,33116,32687,31658,34384,27170,30220,32304,37225,32336,20386
37997,29567,32454,32953,31658,34384,27170,30220,32304,37225,32336,20386
37210,30485,32003,33230,31658,34384,27170,30220,32304,37225,32336,20386
36409,33071,32290,33737,31658,34384,27170,30220,32304,37225,32336,20386
35244,36930,32252,34146,31658,34384,27170,30220,32304,37225,32336,20386
34191,36610,32453,33662,31658,34384,27170,30220,32304,37225,32336,20386
33161,36382,32517,32913,31658,34384,27170,30220,32304,37225,32336,20386
32070,35009,32513,32235,31658,34384,27170,30220,32304,37225,32336,20386
31075,33411,32933,31967,31658,34384,27170,30220,32304,37225,32336,20386
31133,34235,32882,32387,31658,34384,27170,30220,32304,37225,32336,20386
31702,33843,33079,32692,30842,34384,26148,30160,31442,37258,31988,20442
32850,33068,33269,32645,30842,34384,26148,30160,31442,37258,31988,20442
34018,33479,32601,32582,30842,34384,26148,30160,31442,37258,31988,20442
37134,33354,32110,32743,30842,34384,26148,30160,31442,37258,31988,20442
38919,32271,32369,33003,30842,34384,26148,30160,31442,37258,31988,20442
38051,31517,32191,33114,30842,34384,26148,30160,31442,37258,31988,20442
35900,32114,32191,32967,30842,34384,26148,30160,31442,37258,31988,20442
32932,33175,32308,32736,30842,34384,26148,30160,31442,37258,31988,20442
29771,32357,32402,32860,30842,34384,26148,30160,31442,37258,31988,20442
26602,31130,33145,32813,30842,34384,26148,30160,31442,37258,31988,20442
24390,32391,32816,32439,30272,34056,28505,30257,30696,37476,31801,20425
24413,32336,32688,32388,30272,34056,28505,30257,30696,37476,31801,20425
25949,32123,33089,32813,30272,34056,28505,30257,30696,37476,31801,20425
27420,33210,33215,33055,30272,34056,28505,30257,30696,37476,31801,20425
28628,35143,33761,33198,30272,34056,28505,30257,30696,37476,31801,20425
30821,35343,33812,32903,30272,34056,28505,30257,30696,37476,31801,20425
34065,33067,33547,32530,30272,34056,28505,30257,30696,37476,31801,20425
36604,30949,33362,32495,30272,34056,28505,30257,30696,37476,31801,20425
37412,30159,33366,32409,30272,34056,28505,30257,30696,37476,31801,20425
37766,31785,33445,32411,30272,34056,28505,30257,30696,37476,31801,20425
37099,33805,33149,32732,30745,34400,28680,30204,30578,37560,32310,20464
37281,34855,32671,32783,30745,34400,28680,30204,30578,37560,32310,20464
37566,34407,32841,33007,30745,34400,28680,30204,30578,37560,32310,20464
37068,34669,32889,33025,30745,34400,28680,30204,30578,37560,32310,20464
35762,33717,32667,33173,30745,34400,28680,30204,30578,37560,32310,20464
34480,32486,32877,33202,30745,34400,28680,30204,30578,37560,32310,20464
32029,32240,32895,32906,30745,34400,28680,30204,30578,37560,32310,20464
29310,31897,32573,32821,30745,34400,28680,30204,30578,37560,32310,20464
27511,31554,32711,32665,30745,34400,28680,30204,30578,37560,32310,20464
27316,31485,32885,32607,30745,34400,28680,30204,30578,37560,32310,20464
29041,30279,33216,32499,31400,34928,26584,30204,31044,37898,32548,20513
31529,30175,33515,32391,31400,34928,26584,30204,31044,37898,32548,20513
32550,30406,33527,32463,31400,34928,26584,30204,31044,37898,32548,20513
32878,30880,32557,32510,31400,34928,26584,30204,31044,37898,32548,20513
34281,31993,32476,32571,31400,34928,26584,30204,31044,37898,32548,20513
36076,33463,33239,32962,31400,34928,26584,30204,31044,37898,32548,20513
37146,36195,33206,33235,31400,34928,26584,30204,31044,37898,32548,20513
36833,36965,32782,33688,31400,34928,26584,30204,31044,37898,32548,20513
37396,36836,31650,33560,31400,34928,26584,30204,31044,37898,32548,20513
36205,34116,31261,33128,31400,34928,26584,30204,31044,37898,32548,20513
32512,31337,31360,32487,32585,35002,28094,30330,31094,38018,32706,20532
29489,29903,32524,32273,32585,35002,28094,30330,31094,38018,32706,20532
26524,30172,33363,32311,32585,35002,28094,30330,31094,38018,32706,20532
24025,32306,33295,32415,32585,35002,28094,30330,31094,38018,32706,20532
23848,33120,33401,32666,32585,35002,28094,30330,31094,38018,32706,20532
26310,32906,33594,32827,32585,35002,28094,30330,31094,38018,32706,20532
29369,32960,33555,32916,32585,35002,28094,30330,31094,38018,32706,20532
31185,33100,33509,32841,32585,35002,28094,30330,31094,38018,32706,20532
33222,33367,33111,32898,32585,35002,28094,30330,31094,38018,32706,20532
35292,33907,32840,32983,32585,35002,28094,30330,31094,38018,32706,20532
36759,34703,32097,33123,33708,34466,28898,30316,31560,37550,32696,20633
37336,34039,31719,32631,33708,34466,28898,30316,31560,37550,32696,20633
36859,31983,31972,32383,33708,34466,28898,30316,31560,37550,32696,20633
36272,30374,32111,32523,33708,34466,28898,30316,31560,37550,32696,20633
36027,31083,32838,32586,33708,34466,28898,30316,31560,37550,32696,20633
35435,31380,32558,32575,33708,34466,28898,30316,31560,37550,32696,20633
34768,32471,32859,32687,33708,34466,28898,30316,31560,37550,32696,20633
34405,34823,32937,33127,33708,34466,28898,30316,31560,37550,32696,20633
33456,34550,32409,33135,33708,34466,28898,30316,31560,37550,32696,20633
33276,32082,32302,32994,33708,34466,28898,30316,31560,37550,32696,20633
32610,31943,32259,32716,32910,34613,27205,30326,32088,37197,33036,20680
31712,33336,32790,32814,32910,34613,27205,30326,32088,37197,33036,20680
32474,34565,32826,32896,32910,34613,27205,30326,32088,37197,33036,20680
32968,33619,32388,32925,32910,34613,27205,30326,32088,37197,33036,20680
34127,32733,31503,32805,32910,34613,27205,30326,32088,37197,33036,20680
35632,32331,30761,32731,32910,34613,27205,30326,32088,37197,33036,20680
35350,31539,31295,32607,32910,34613,27205,30326,32088,37197,33036,20680
33767,32115,32247,32440,32910,34613,27205,30326,32088,37197,33036,20680
32049,33527,31421,32615,32910,34613,27205,30326,32088,37197,33036,20680
30884,33981,31269,32676,32910,34613,27205,30326,32088,37197,33036,20680
30066,32974,32223,32714,32650,34504,28460,30568,32200,37229,33264,20706
29498,31630,32590,32585,32650,34504,28460,30568,32200,37229,33264,20706
30136,30171,33326,32669,32650,34504,28460,30568,32200,37229,33264,20706
31379,30642,33252,32835,32650,34504,28460,30568,32200,37229,33264,20706
32645,32563,33218,32935,32650,34504,28460,30568,32200,37229,33264,20706
34277,35607,33155,33102,32650,34504,28460,30568,32200,37229,33264,20706
34702,36211,33926,32967,32650,34504,28460,30568,32200,37229,33264,20706
33952,34641,35235,32644,32650,34504,28460,30568,32200,37229,33264,20706
32386,32754,35239,32598,32650,34504,28460,30568,32200,37229,33264,20706
30881,33185,33695,32816,32650,34504,28460,30568,32200,37229,33264,20706
29280,33784,33131,32855,32797,35169,28632,30420,32314,37352,33600,20709
28806,33079,32879,32873,32797,35169,28632,30420,32314,37352,33600,20709
28396,32007,32760,32795,32797,35169,28632,30420,32314,37352,33600,20709
29022,32324,32143,32723,32797,35169,28632,30420,32314,37352,33600,20709
30762,32479,32789,32713,32797,35169,28632,30420,32314,37352,33600,20709
31961,32434,32448,32759,32797,35169,28632,30420,32314,37352,33600,20709
33194,32655,32245,32654,32797,35169,28632,30420,32314,37352,33600,20709
34788,32665,32647,32522,32797,35169,28632,30420,32314,37352,33600,20709
35774,32167,31519,32452,32797,35169,28632,30420,32314,37352,33600,20709
35874,32647,30564,32809,32797,35169,28632,30420,32314,37352,33600,20709
36108,33687,33010,32899,33504,35584,28144,30564,32800,37520,33632,20796
35922,32858,35921,33061,33504,35584,28144,30564,32800,37520,33632,20796
35289,32248,33938,33257,33504,35584,28144,30564,32800,37520,33632,20796
35181,32239,31790,33039,33504,35584,28144,30564,32800,37520,33632,20796
35335,31962,31177,33004,33504,35584,28144,30564,32800,37520,33632,20796
34939,31749,33339,32811,33504,35584,28144,30564,32800,37520,33632,20796
33906,32071,33388,32771,33504,35584,28144,30564,32800,37520,33632,20796
32793,33455,32429,32730,33504,35584,28144,30564,32800,37520,33632,20796
32336,33731,32007,32471,33504,35584,28144,30564,32800,37520,33632,20796
31295,33349,31873,32427,33504,35584,28144,30564,32800,37520,33632,20796
30411,33839,31859,32457,34464,35276,29292,30674,33265,37507,33700,20872
29408,33612,32066,32493,34464,35276,29292,30674,33265,37507,33700,20872
29332,33727,32375,32618,34464,35276,29292,30674,33265,37507,33700,20872
29818,32871,33126,33079,34464,35276,29292,30674,33265,37507,33700,20872
30642,31950,32052,33197,34464,35276,29292,30674,33265,37507,33700,20872
31128,31719,31711,33141,34464,35276,29292,30674,33265,37507,33700,20872
31608,31074,32199,32706,34464,35276,29292,30674,33265,37507,33700,20872
32565,30771,33700,32532,34464,35276,29292,30674,33265,37507,33700,20872
33782,30985,36018,32513,34464,35276,29292,30674,33265,37507,33700,20872
34928,31561,34891,32671,34464,35276,29292,30674,33265,37507,33700,20872
35186,33111,32667,32837,34674,35348,29048,30628,33388,37334,33808,20964
34788,33743,31807,32872,34674,35348,29048,30628,33388,37334,33808,20964
34348,34418,31463,32935,34674,35348,29048,30628,33388,37334,33808,20964
34092,34778,32259,33199,34674,35348,29048,30628,33388,37334,33808,20964
34050,33663,33669,33177,34674,35348,29048,30628,33388,37334,33808,20964
34235,33135,32530,33039,34674,35348,29048,30628,33388,37334,33808,20964
34294,33723,32943,32989,34674,35348,29048,30628,33388,37334,33808,20964
34479,33159,31983,32885,34674,35348,29048,30628,33388,37334,33808,20964
34718,32297,31728,32743,34674,35348,29048,30628,33388,37334,33808,20964
34444,32196,33134,32716,34674,35348,29048,30628,33388,37334,33808,20964
33663,32285,34583,32707,34476,35448,28992,30664,33284,37248,34025,20944
32735,32427,33278,32561,34476,35448,28992,30664,33284,37248,34025,20944
31743,32466,31831,32554,34476,35448,28992,30664,33284,37248,34025,20944
30706,32830,30521,32608,34476,35448,28992,30664,33284,37248,34025,20944
30086,33197,31105,32628,34476,35448,28992,30664,33284,37248,34025,20944
30016,33285,33798,32746,34476,35448,28992,30664,33284,37248,34025,20944
30082,33055,33522,32869,34476,35448,28992,30664,33284,37248,34025,20944
30332,33115,32421,32903,34476,35448,28992,30664,33284,37248,34025,20944
30622,33372,32815,32799,34476,35448,28992,30664,33284,37248,34025,20944
31076,33357,33944,32706,34476,35448,28992,30664,33284,37248,34025,20944
31305,32911,33575,32830,34356,35354,29360,30804,33440,37152,34164,21024
32007,32734,33783,32835,34356,35354,29360,30804,33440,37152,34164,21024
32347,32821,33257,32748,34356,35354,29360,30804,33440,37152,34164,21024
32896,32767,32803,32754,34356,35354,29360,30804,33440,37152,34164,21024
32861,32655,31794,32791,34356,35354,29360,30804,33440,37152,34164,21024
32722,32868,31463,32871,34356,35354,29360,30804,33440,37152,34164,21024
32744,32975,31903,32814,34356,35354,29360,30804,33440,37152,34164,21024
33245,32758,32567,32823,34356,35354,29360,30804,33440,37152,34164,21024
33734,32230,32514,32839,34356,35354,29360,30804,33440,37152,34164,21024
34210,31886,33579,32902,34356,35354,29360,30804,33440,37152,34164,21024
34720,32031,34215,32830,33872,35248,29292,30804,33700,36982,34064,21158
34494,32666,32889,32807,33872,35248,29292,30804,33700,36982,34064,21158
34024,33534,31943,32773,33872,35248,29292,30804,33700,36982,34064,21158
33278,33427,33399,32768,33872,35248,29292,30804,33700,36982,34064,21158
33276,32775,32135,32879,33872,35248,29292,30804,33700,36982,34064,21158
33572,33215,31290,32917,33872,35248,29292,30804,33700,36982,34064,21158
33830,32998,32407,32801,33872,35248,29292,30804,33700,36982,34064,21158
34725,32732,34375,32825,33872,35248,29292,30804,33700,36982,34064,21158
34594,32661,33362,32859,33872,35248,29292,30804,33700,36982,34064,21158
34277,32578,32174,32775,33872,35248,29292,30804,33700,36982,34064,21158
34902,32550,32127,32763,34292,35216,29392,30800,34010,37088,34118,21190
34366,32858,31563,32725,34292,35216,29392,30800,34010,37088,34118,21190
34209,32946,31799,32705,34292,35216,29392,30800,34010,37088,34118,21190
33036,32903,32011,32769,34292,35216,29392,30800,34010,37088,34118,21190
32158,32804,32709,32775,34292,35216,29392,30800,34010,37088,34118,21190
30696,32810,35276,32903,34292,35216,29392,30800,34010,37088,34118,21190
29139,32775,35031,32782,34292,35216,29392,30800,34010,37088,34118,21190
28436,32967,33465,32821,34292,35216,29392,30800,34010,37088,34118,21190
29190,32799,33177,32762,34292,35216,29392,30800,34010,37088,34118,21190
29029,32704,33575,32719,34292,35216,29392,30800,34010,37088,34118,21190
28912,32674,33588,32775,34824,35300,29697,30772,34096,37112,34196,21250
29956,32367,31991,32775,34824,35300,29697,30772,34096,37112,34196,21250
31322,32447,31899,32900,34824,35300,29697,30772,34096,37112,34196,21250
31716,32967,33241,32846,34824,35300,29697,30772,34096,37112,34196,21250
32533,33567,33425,32752,34824,35300,29697,30772,34096,37112,34196,21250
34331,33177,33199,32825,34824,35300,29697,30772,34096,37112,34196,21250
35402,33037,32702,32784,34824,35300,29697,30772,34096,37112,34196,21250
35814,33524,32519,32754,34824,35300,29697,30772,34096,37112,34196,21250
35586,33323,31622,32747,34824,35300,29697,30772,34096,37112,34196,21250
35274,33831,31751,32795,34824,35300,29697,30772,34096,37112,34196,21250
35296,33545,32283,33029,35090,35544,29848,30849,33952,37124,34208,21300
35782,33002,33287,32931,35090,35544,29848,30849,33952,37124,34208,21300
35650,32088,33988,32787,35090,35544,29848,30849,33952,37124,34208,21300
34922,32032,33954,32530,35090,35544,29848,30849,33952,37124,34208,21300
34068,32567,34143,32583,35090,35544,29848,30849,33952,37124,34208,21300
33060,32942,32357,33004,35090,35544,29848,30849,33952,37124,34208,21300
31552,33711,29080,32965,35090,35544,29848,30849,33952,37124,34208,21300
29657,33214,30040,32708,35090,35544,29848,30849,33952,37124,34208,21300
28448,32243,32073,32389,35090,35544,29848,30849,33952,37124,34208,21300
29500,31775,34124,32411,35090,35544,29848,30849,33952,37124,34208,21300
30376,31906,34478,32599,35136,35716,30000,30948,33656,37186,34168,21364
31155,33319,33647,32845,35136,35716,30000,30948,33656,37186,34168,21364
32063,33443,32870,33069,35136,35716,30000,30948,33656,37186,34168,21364
34056,33759,32587,32970,35136,35716,30000,30948,33656,37186,34168,21364
34816,32849,33496,32848,35136,35716,30000,30948,33656,37186,34168,21364
33952,32185,33575,32709,35136,35716,30000,30948,33656,37186,34168,21364
32452,32721,31822,32665,35136,35716,30000,30948,33656,37186,34168,21364
31720,32381,31709,32927,35136,35716,30000,30948,33656,37186,34168,21364
31860,32122,31981,32883,35136,35716,30000,30948,33656,37186,34168,21364
32195,32391,31653,32660,35136,35716,30000,30948,33656,37186,34168,21364
32344,32673,31836,32871,34952,35904,30145,30912,33442,37332,34242,21516
32722,32471,32393,32816,34952,35904,30145,30912,33442,37332,34242,21516
32562,32543,33227,32722,34952,35904,30145,30912,33442,37332,34242,21516
32331,32643,33253,32763,34952,35904,30145,30912,33442,37332,34242,21516
33002,32745,33978,32695,34952,35904,30145,30912,33442,37332,34242,21516
33508,32845,33099,32603,34952,35904,30145,30912,33442,37332,34242,21516
33602,33018,32314,32623,34952,35904,30145,30912,33442,37332,34242,21516
33634,32779,32769,32636,34952,35904,30145,30912,33442,37332,34242,21516
33388,32758,33551,32674,34952,35904,30145,30912,33442,37332,34242,21516
33222,32914,33983,32703,34952,35904,30145,30912,33442,37332,34242,21516
33312,32997,33229,32861,34716,36080,30217,30849,33276,37432,34274,21538
33142,32919,33155,32786,34716,36080,30217,30849,33276,37432,34274,21538
33108,32783,33442,32850,34716,36080,30217,30849,33276,37432,34274,21538
32698,32818,32178,32819,34716,36080,30217,30849,33276,37432,34274,21538
32768,32863,31888,32775,34716,36080,30217,30849,33276,37432,34274,21538
32928,32967,31890,32807,34716,36080,30217,30849,33276,37432,34274,21538
33308,32877,32524,32750,34716,36080,30217,30849,33276,37432,34274,21538
33394,32807,33575,32835,34716,36080,30217,30849,33276,37432,34274,21538
33022,32728,32333,32752,34716,36080,30217,30849,33276,37432,34274,21538
33114,32747,31747,32823,34716,36080,30217,30849,33276,37432,34274,21538
33744,32819,32257,32865,34500,36060,30206,31082,33163,37353,34208,21634
34088,32677,35577,32745,34500,36060,30206,31082,33163,37353,34208,21634
33640,32644,36909,32767,34500,36060,30206,31082,33163,37353,34208,21634
33227,32691,34684,32775,34500,36060,30206,31082,33163,37353,34208,21634
33124,32747,32059,32940,34500,36060,30206,31082,33163,37353,34208,21634
33104,32710,31471,32885,34500,36060,30206,31082,33163,37353,34208,21634
33148,32571,30941,32815,34500,36060,30206,31082,33163,37353,34208,21634
33416,32614,32002,32851,34500,36060,30206,31082,33163,37353,34208,21634
33021,32729,32199,32631,34500,36060,30206,31082,33163,37353,34208,21634
32402,32869,31839,32654,34500,36060,30206,31082,33163,37353,34208,21634
31634,32816,31485,32635,34362,36028,30314,31101,33107,37224,34124,21740
31509,32709,32714,32692,34362,36028,30314,31101,33107,37224,34124,21740
31600,32729,34449,32663,34362,36028,30314,31101,33107,37224,34124,21740
31846,32713,34055,32634,34362,36028,30314,31101,33107,37224,34124,21740
31653,32821,33384,32703,34362,36028,30314,31101,33107,37224,34124,21740
30892,33024,31817,32614,34362,36028,30314,31101,33107,37224,34124,21740
29866,33102,31581,32730,34362,36028,30314,31101,33107,37224,34124,21740
29781,33078,31570,32870,34362,36028,30314,31101,33107,37224,34124,21740
30229,33009,32209,32839,34362,36028,30314,31101,33107,37224,34124,21740
31027,32775,32042,32956,34362,36028,30314,31101,33107,37224,34124,21740
32853,32951,33835,32903,34368,36026,30304,31112,33208,37338,34122,21810
34092,33123,34727,32845,34368,36026,30304,31112,33208,37338,34122,21810
34703,33073,34169,32922,34368,36026,30304,31112,33208,37338,34122,21810
34548,32848,33101,32923,34368,36026,30304,31112,33208,37338,34122,21810
34712,32557,32047,32795,34368,36026,30304,31112,33208,37338,34122,21810
34708,32399,31712,32853,34368,36026,30304,31112,33208,37338,34122,21810
34800,32415,31925,32889,34368,36026,30304,31112,33208,37338,34122,21810
34560,32672,31846,32759,34368,36026,30304,31112,33208,37338,34122,21810
33916,32710,32749,33099,34368,36026,30304,31112,33208,37338,34122,21810
33780,32884,33707,32936,34368,36026,30304,31112,33208,37338,34122,21810
33194,32894,33497,32906,34444,36032,30370,31122,33152,37288,34145,21933
31696,32789,34466,32655,34444,36032,30370,31122,33152,37288,34145,21933
31034,32836,34594,32428,34444,36032,30370,31122,33152,37288,34145,21933
31940,32921,33664,32201,34444,36032,30370,31122,33152,37288,34145,21933
32556,33027,32598,32372,34444,36032,30370,31122,33152,37288,34145,21933
32862,33083,32317,32567,34444,36032,30370,31122,33152,37288,34145,21933
32078,32976,32034,32605,34444,36032,30370,31122,33152,37288,34145,21933
32036,32985,33241,32550,34444,36032,30370,31122,33152,37288,34145,21933
31716,32839,32936,32542,34444,36032,30370,31122,33152,37288,34145,21933
31495,32806,32871,32757,34444,36032,30370,31122,33152,37288,34145,21933
32274,32838,30701,32843,34368,35986,30562,31232,33208,37363,34186,22072
32948,33159,29367,32750,34368,35986,30562,31232,33208,37363,34186,22072
33312,33362,32190,33087,34368,35986,30562,31232,33208,37363,34186,22072
33480,33266,31751,33225,34368,35986,30562,31232,33208,37363,34186,22072
33816,33671,33862,33009,34368,35986,30562,31232,33208,37363,34186,22072
33580,32306,33212,33002,34368,35986,30562,31232,33208,37363,34186,22072
32893,31007,32518,32818,34368,35986,30562,31232,33208,37363,34186,22072
32626,31589,32228,32714,34368,35986,30562,31232,33208,37363,34186,22072
32013,33114,32433,32690,34368,35986,30562,31232,33208,37363,34186,22072
31453,33693,32591,32979,34368,35986,30562,31232,33208,37363,34186,22072
31980,34013,33280,32891,34292,36164,30436,31192,33216,37300,34112,22210
32637,33439,33197,32815,34292,36164,30436,31192,33216,37300,34112,22210
32946,32513,33554,32783,34292,36164,30436,31192,33216,37300,34112,22210
33232,32471,33499,32646,34292,36164,30436,31192,33216,37300,34112,22210
33369,32450,33547,32743,34292,36164,30436,31192,33216,37300,34112,22210
33494,32557,33108,32665,34292,36164,30436,31192,33216,37300,34112,22210
33412,32805,32108,32839,34292,36164,30436,31192,33216,37300,34112,22210
33302,32869,32027,32839,34292,36164,30436,31192,33216,37300,34112,22210
32946,32868,32583,32793,34292,36164,30436,31192,33216,37300,34112,22210
32349,32756,33127,32782,34292,36164,30436,31192,33216,37300,34112,22210
32021,32681,32959,32800,34364,36264,30524,31250,33088,37530,33812,22373
32056,32774,33391,32889,34364,36264,30524,31250,33088,37530,33812,22373
32194,32839,33376,32660,34364,36264,30524,31250,33088,37530,33812,22373
32589,32722,32674,32775,34364,36264,30524,31250,33088,37530,33812,22373
33190,32785,32970,32839,34364,36264,30524,31250,33088,37530,33812,22373
33175,32751,33287,32807,34364,36264,30524,31250,33088,37530,33812,22373
32835,32723,35462,32943,34364,36264,30524,31250,33088,37530,33812,22373
32943,32653,34642,32893,34364,36264,30524,31250,33088,37530,33812,22373
33159,32525,32226,32797,34364,36264,30524,31250,33088,37530,33812,22373
33300,32509,31646,32837,34364,36264,30524,31250,33088,37530,33812,22373
33609,32563,31761,32725,34488,36242,30444,31392,32995,37320,34314,22464
33260,32619,32349,32834,34488,36242,30444,31392,32995,37320,34314,22464
33060,32609,33483,32889,34488,36242,30444,31392,32995,37320,34314,22464
32586,32483,33025,32966,34488,36242,30444,31392,32995,37320,34314,22464
32608,32504,31623,32806,34488,36242,30444,31392,32995,37320,34314,22464
32723,32574,30927,32605,34488,36242,30444,31392,32995,37320,34314,22464
32600,32943,32646,32720,34488,36242,30444,31392,32995,37320,34314,22464
32775,33156,32857,32619,34488,36242,30444,31392,32995,37320,34314,22464
32820,33040,33859,32647,34488,36242,30444,31392,32995,37320,34314,22464
32970,32991,33582,32823,34488,36242,30444,31392,32995,37320,34314,22464
32592,33283,32327,33002,34384,36248,30350,31328,33170,37156,34640,22624
31956,33439,32423,32728,34384,36248,30350,31328,33170,37156,34640,22624
31865,33255,32414,32603,34384,36248,30350,31328,33170,37156,34640,22624
31786,33093,31431,32741,34384,36248,30350,31328,33170,37156,34640,22624
31676,33149,31547,32758,34384,36248,30350,31328,33170,37156,34640,22624
31982,33155,31861,32839,34384,36248,30350,31328,33170,37156,34640,22624
32041,32886,32068,32938,34384,36248,30350,31328,33170,37156,34640,22624
32136,32791,32863,32804,34384,36248,30350,31328,33170,37156,34640,22624
32645,32817,32891,32782,34384,36248,30350,31328,33170,37156,34640,22624
33130,32775,32775,32911,34384,36248,30350,31328,33170,37156,34640,22624
33478,32711,33305,32855,34368,36148,30618,31400,33476,37076,34441,22672
33457,32564,33147,32787,34368,36148,30618,31400,33476,37076,34441,22672
33642,32359,33709,32775,34368,36148,30618,31400,33476,37076,34441,22672
33356,32515,34912,32711,34368,36148,30618,31400,33476,37076,34441,22672
33200,32757,32343,32621,34368,36148,30618,31400,33476,37076,34441,22672
33806,32851,31269,32729,34368,36148,30618,31400,33476,37076,34441,22672
33842,32819,32119,32790,34368,36148,30618,31400,33476,37076,34441,22672
33580,32832,33564,32708,34368,36148,30618,31400,33476,37076,34441,22672
33060,32735,33734,32818,34368,36148,30618,31400,33476,37076,34441,22672
32529,32710,32500,32739,34368,36148,30618,31400,33476,37076,34441,22672
32480,32659,31864,32703,34520,36188,30816,31440,33680,37208,34340,22860
32565,32666,32221,32843,34520,36188,30816,31440,33680,37208,34340,22860
32844,32769,32842,32697,34520,36188,30816,31440,33680,37208,34340,22860
33260,32795,33112,32693,34520,36188,30816,31440,33680,37208,34340,22860
33269,32799,33949,32844,34520,36188,30816,31440,33680,37208,34340,22860
33012,32914,33370,32892,34520,36188,30816,31440,33680,37208,34340,22860
32346,32879,33406,32802,34520,36188,30816,31440,33680,37208,34340,22860
32034,32868,32519,32784,34520,36188,30816,31440,33680,37208,34340,22860
31827,32707,32327,32753,34520,36188,30816,31440,33680,37208,34340,22860
31892,32714,32950,32711,34520,36188,30816,31440,33680,37208,34340,22860
31946,32800,33535,32758,34738,36364,30980,31356,33744,37300,34588,22914
32492,32775,32945,32711,34738,36364,30980,31356,33744,37300,34588,22914
33091,32818,32767,32879,34738,36364,30980,31356,33744,37300,34588,22914
33460,32719,32270,32871,34738,36364,30980,31356,33744,37300,34588,22914
33274,32765,31883,32860,34738,36364,30980,31356,33744,37300,34588,22914
32966,32657,31396,32835,34738,36364,30980,31356,33744,37300,34588,22914
32888,32781,31449,32862,34738,36364,30980,31356,33744,37300,34588,22914
33011,32947,31954,32733,34738,36364,30980,31356,33744,37300,34588,22914
32799,32822,33204,32696,34738,36364,30980,31356,33744,37300,34588,22914
32293,32789,33411,32848,34738,36364,30980,31356,33744,37300,34588,22914
32404,32876,32841,32875,34848,36508,31193,31412,33588,37176,34582,23020
32674,32867,32301,32822,34848,36508,31193,31412,33588,37176,34582,23020
32526,32838,33522,32799,34848,36508,31193,31412,33588,37176,34582,23020
32598,32754,34820,32706,34848,36508,31193,31412,33588,37176,34582,23020
32758,32700,33335,32600,34848,36508,31193,31412,33588,37176,34582,23020
32717,32636,31000,32497,34848,36508,31193,31412,33588,37176,34582,23020
32619,32682,32389,32431,34848,36508,31193,31412,33588,37176,34582,23020
32768,32704,33578,32549,34848,36508,31193,31412,33588,37176,34582,23020
33094,32713,34016,32848,34848,36508,31193,31412,33588,37176,34582,23020
33408,32689,33421,32955,34848,36508,31193,31412,33588,37176,34582,23020
33263,32717,33527,33027,34888,36593,31492,31410,33541,37072,34804,23136
33076,32733,33375,32940,34888,36593,31492,31410,33541,37072,34804,23136
32848,32962,33519,32844,34888,36593,31492,31410,33541,37072,34804,23136
32948,33203,33222,32763,34888,36593,31492,31410,33541,37072,34804,23136
32485,33237,32495,32958,34888,36593,31492,31410,33541,37072,34804,23136
32290,32949,32647,32858,34888,36593,31492,31410,33541,37072,34804,23136
32848,32825,32199,32726,34888,36593,31492,31410,33541,37072,34804,23136
32878,32793,32354,32755,34888,36593,31492,31410,33541,37072,34804,23136
32638,32775,32353,32846,34888,36593,31492,31410,33541,37072,34804,23136
32612,32837,32229,32863,34888,36593,31492,31410,33541,37072,34804,23136
32466,32863,32349,32774,34944,36624,31512,31363,33692,37108,34938,23268
32281,32853,32447,32827,34944,36624,31512,31363,33692,37108,34938,23268
32173,32772,32133,32866,34944,36624,31512,31363,33692,37108,34938,23268
32406,32983,30802,32801,34944,36624,31512,31363,33692,37108,34938,23268
32732,33047,32765,32819,34944,36624,31512,31363,33692,37108,34938,23268
32706,32966,33799,32831,34944,36624,31512,31363,33692,37108,34938,23268
33285,32673,32049,32726,34944,36624,31512,31363,33692,37108,34938,23268
33799,32495,30927,32843,34944,36624,31512,31363,33692,37108,34938,23268
33536,32629,32649,32793,34944,36624,31512,31363,33692,37108,34938,23268
32974,32630,35138,32799,34944,36624,31512,31363,33692,37108,34938,23268
31968,32346,36882,32715,34924,36816,31544,31516,33838,37252,34968,23404
31268,32170,34154,32789,34924,36816,31544,31516,33838,37252,34968,23404
31177,32694,31184,32797,34924,36816,31544,31516,33838,37252,34968,23404
31589,33287,30925,32768,34924,36816,31544,31516,33838,37252,34968,23404
32440,32895,31975,32825,34924,36816,31544,31516,33838,37252,34968,23404
33166,32424,33370,32708,34924,36816,31544,31516,33838,37252,34968,23404
33040,32583,33390,32666,34924,36816,31544,31516,33838,37252,34968,23404
33282,33587,32709,32879,34924,36816,31544,31516,33838,37252,34968,23404
33478,33415,32481,33025,34924,36816,31544,31516,33838,37252,34968,23404
33526,33387,32386,32949,34924,36816,31544,31516,33838,37252,34968,23404
33842,33066,31859,32790,34941,36860,31810,31464,33784,37200,34949,23535
33552,32741,31972,32775,34941,36860,31810,31464,33784,37200,34949,23535
33408,32533,32275,32702,34941,36860,31810,31464,33784,37200,34949,23535
33572,32643,32178,32681,34941,36860,31810,31464,33784,37200,34949,23535
33415,32981,32454,32775,34941,36860,31810,31464,33784,37200,34949,23535
33150,33367,31871,32757,34941,36860,31810,31464,33784,37200,34949,23535
32765,33087,32835,32883,34941,36860,31810,31464,33784,37200,34949,23535
32263,32854,32885,32805,34941,36860,31810,31464,33784,37200,34949,23535
31653,32669,32705,32748,34941,36860,31810,31464,33784,37200,34949,23535
31268,32323,32117,32789,34941,36860,31810,31464,33784,37200,34949,23535
31687,32276,32365,32775,34911,36880,31916,31514,33697,37200,34808,23662
31807,32463,32239,32720,34911,36880,31916,31514,33697,37200,34808,23662
32046,32641,32277,32835,34911,36880,31916,31514,33697,37200,34808,23662
32418,32711,31379,32775,34911,36880,31916,31514,33697,37200,34808,23662
32803,32747,32393,32773,34911,36880,31916,31514,33697,37200,34808,23662
32846,32740,33775,32694,34911,36880,31916,31514,33697,37200,34808,23662
32997,32686,32720,32708,34911,36880,31916,31514,33697,37200,34808,23662
32720,32612,34751,32759,34911,36880,31916,31514,33697,37200,34808,23662
32737,32611,36317,32752,34911,36880,31916,31514,33697,37200,34808,23662
32834,32630,34655,32695,34911,36880,31916,31514,33697,37200,34808,23662
32752,32705,32502,32720,34832,36834,31869,31480,33568,37146,34874,23760
32998,32733,34039,32732,34832,36834,31869,31480,33568,37146,34874,23760
33712,32630,32997,32881,34832,36834,31869,31480,33568,37146,34874,23760
33458,32647,31959,32775,34832,36834,31869,31480,33568,37146,34874,23760
33154,32662,31510,32865,34832,36834,31869,31480,33568,37146,34874,23760
33178,32679,31797,32877,34832,36834,31869,31480,33568,37146,34874,23760
32937,32731,32445,32839,34832,36834,31869,31480,33568,37146,34874,23760
32775,32957,33872,32835,34832,36834,31869,31480,33568,37146,34874,23760
32790,33045,34169,32701,34832,36834,31869,31480,33568,37146,34874,23760
32735,33019,33574,32803,34832,36834,31869,31480,33568,37146,34874,23760
32873,33082,32903,32771,34799,36816,31992,31648,33556,37108,35008,23932
33025,32931,32119,32792,34799,36816,31992,31648,33556,37108,35008,23932
33228,32741,32870,32853,34799,36816,31992,31648,33556,37108,35008,23932
33509,32547,34576,32805,34799,36816,31992,31648,33556,37108,35008,23932
33305,32707,35013,32831,34799,36816,31992,31648,33556,37108,35008,23932
32926,32667,33551,32726,34799,36816,31992,31648,33556,37108,35008,23932
32650,32934,32468,32850,34799,36816,31992,31648,33556,37108,35008,23932
32362,32899,32699,32886,34799,36816,31992,31648,33556,37108,35008,23932
32460,32647,33108,32820,34799,36816,31992,31648,33556,37108,35008,23932
32760,32918,32643,32796,34799,36816,31992,31648,33556,37108,35008,23932
32442,32967,32041,32765,34781,36840,32140,31696,33640,37210,35001,24032
32096,33029,29938,32676,34781,36840,32140,31696,33640,37210,35001,24032
32123,33059,30317,32818,34781,36840,32140,31696,33640,37210,35001,24032
32284,33151,32377,32818,34781,36840,32140,31696,33640,37210,35001,24032
32511,32859,32215,32843,34781,36840,32140,31696,33640,37210,35001,24032
32484,32823,32263,32713,34781,36840,32140,31696,33640,37210,35001,24032
32336,32656,33055,32571,34781,36840,32140,31696,33640,37210,35001,24032
32454,32641,33407,32807,34781,36840,32140,31696,33640,37210,35001,24032
32908,32783,31903,32795,34781,36840,32140,31696,33640,37210,35001,24032
33129,32811,32014,32775,34781,36840,32140,31696,33640,37210,35001,24032
33241,32751,32038,32659,34762,36936,32209,31696,33716,37272,35002,24220
33023,32783,32372,32717,34762,36936,32209,31696,33716,37272,35002,24220
33158,32797,32807,32725,34762,36936,32209,31696,33716,37272,35002,24220
33032,32807,32559,32735,34762,36936,32209,31696,33716,37272,35002,24220
32775,32748,32720,32839,34762,36936,32209,31696,33716,37272,35002,24220
32304,32772,32215,32758,34762,36936,32209,31696,33716,37272,35002,24220
32228,32857,32199,32799,34762,36936,32209,31696,33716,37272,35002,24220
32387,32849,32947,32795,34762,36936,32209,31696,33716,37272,35002,24220
32688,32867,34599,32809,34762,36936,32209,31696,33716,37272,35002,24220
33199,32803,33564,32843,34762,36936,32209,31696,33716,37272,35002,24220
33775,32775,33151,32816,34676,37026,32312,31610,33638,37220,34992,24408
33793,32831,35229,32858,34676,37026,32312,31610,33638,37220,34992,24408
33707,32816,33341,32847,34676,37026,32312,31610,33638,37220,34992,24408
33305,32839,32080,32811,34676,37026,32312,31610,33638,37220,34992,24408
33056,32774,33495,32834,34676,37026,32312,31610,33638,37220,34992,24408
32656,32827,34172,32829,34676,37026,32312,31610,33638,37220,34992,24408
32440,32822,33003,32716,34676,37026,32312,31610,33638,37220,34992,24408
32388,32792,31851,32733,34676,37026,32312,31610,33638,37220,34992,24408
32199,32799,31570,32701,34676,37026,32312,31610,33638,37220,34992,24408
31959,32770,32507,32827,34676,37026,32312,31610,33638,37220,34992,24408
31449,32919,33162,32775,34593,37080,32496,31733,33552,37228,34980,24528
31413,32873,32330,32772,34593,37080,32496,31733,33552,37228,34980,24528
32328,32871,31966,32871,34593,37080,32496,31733,33552,37228,34980,24528
33010,32876,31687,32855,34593,37080,32496,31733,33552,37228,34980,24528
33336,32748,30310,32747,34593,37080,32496,31733,33552,37228,34980,24528
33148,32738,31469,32903,34593,37080,32496,31733,33552,37228,34980,24528
33228,32802,33474,32845,34593,37080,32496,31733,33552,37228,34980,24528
33124,32882,35015,32679,34593,37080,32496,31733,33552,37228,34980,24528
32768,32977,34197,32678,34593,37080,32496,31733,33552,37228,34980,24528
32424,33023,32601,32578,34593,37080,32496,31733,33552,37228,34980,24528
32152,32946,32457,32759,34532,37068,32533,31748,33456,37220,34994,24712
32122,32933,33015,32819,34532,37068,32533,31748,33456,37220,34994,24712
32527,32879,33459,32835,34532,37068,32533,31748,33456,37220,34994,24712
32597,32833,33319,32863,34532,37068,32533,31748,33456,37220,34994,24712
33106,32832,33373,32842,34532,37068,32533,31748,33456,37220,34994,24712
33600,32803,34105,32825,34532,37068,32533,31748,33456,37220,34994,24712
34040,32768,31802,32851,34532,37068,32533,31748,33456,37220,34994,24712
33863,32751,32461,32869,34532,37068,32533,31748,33456,37220,34994,24712
33358,32772,34023,32754,34532,37068,32533,31748,33456,37220,34994,24712
33168,32793,33347,32772,34532,37068,32533,31748,33456,37220,34994,24712
33099,32882,31874,32758,34476,37129,32524,31708,33400,37196,34864,24892
32973,32911,31513,32719,34476,37129,32524,31708,33400,37196,34864,24892
32794,32819,31303,32833,34476,37129,32524,31708,33400,37196,34864,24892
32585,32719,31647,32857,34476,37129,32524,31708,33400,37196,34864,24892
32653,32621,32827,32707,34476,37129,32524,31708,33400,37196,34864,24892
33328,32615,33166,32726,34476,37129,32524,31708,33400,37196,34864,24892
33543,32631,32899,32818,34476,37129,32524,31708,33400,37196,34864,24892
33522,32682,32193,32767,34476,37129,32524,31708,33400,37196,34864,24892
33326,32719,31810,32775,34476,37129,32524,31708,33400,37196,34864,24892
32750,32827,32726,32757,34476,37129,32524,31708,33400,37196,34864,24892
32090,32843,33893,32805,34482,37018,32488,31780,33411,37220,34878,24948
31453,33024,34107,32791,34482,37018,32488,31780,33411,37220,34878,24948
31316,32923,33785,32762,34482,37018,32488,31780,33411,37220,34878,24948
31492,32855,33444,32837,34482,37018,32488,31780,33411,37220,34878,24948
31744,32882,33647,32766,34482,37018,32488,31780,33411,37220,34878,24948
31346,32920,33916,32734,34482,37018,32488,31780,33411,37220,34878,24948
31812,32834,30927,32861,34482,37018,32488,31780,33411,37220,34878,24948
32848,32758,30645,32846,34482,37018,32488,31780,33411,37220,34878,24948
33498,32790,31131,32819,34482,37018,32488,31780,33411,37220,34878,24948
33564,32733,31370,32841,34482,37018,32488,31780,33411,37220,34878,24948
33618,32713,32359,32757,34465,36992,32568,31780,33444,37224,34804,25120
33817,32737,33007,32809,34465,36992,32568,31780,33444,37224,34804,25120
33621,32767,32807,32805,34465,36992,32568,31780,33444,37224,34804,25120
33299,32802,32885,32826,34465,36992,32568,31780,33444,37224,34804,25120
33019,32883,33778,32903,34465,36992,32568,31780,33444,37224,34804,25120
33184,32882,33775,32884,34465,36992,32568,31780,33444,37224,34804,25120
33565,32898,33709,32791,34465,36992,32568,31780,33444,37224,34804,25120
33238,32959,31779,32860,34465,36992,32568,31780,33444,37224,34804,25120
32732,32978,35454,32596,34465,36992,32568,31780,33444,37224,34804,25120
32687,32861,37171,32487,34465,36992,32568,31780,33444,37224,34804,25120
32733,32876,33311,32824,34466,37010,32544,31812,33404,37232,34610,25388
32737,32882,30503,32954,34466,37010,32544,31812,33404,37232,34610,25388
32821,32827,30482,32816,34466,37010,32544,31812,33404,37232,34610,25388
32706,32752,32282,32731,34466,37010,32544,31812,33404,37232,34610,25388
32454,32819,32870,32674,34466,37010,32544,31812,33404,37232,34610,25388
32365,32854,32667,32898,34466,37010,32544,31812,33404,37232,34610,25388
32091,32918,31760,32959,34466,37010,32544,31812,33404,37232,34610,25388
31910,32891,32950,32849,34466,37010,32544,31812,33404,37232,34610,25388
31434,32773,32704,32718,34466,37010,32544,31812,33404,37232,34610,25388
31110,32672,31623,32727,34466,37010,32544,31812,33404,37232,34610,25388
31298,32610,32168,32775,34420,36920,32650,31956,33344,37221,34645,25428
31791,32621,32741,32850,34420,36920,32650,31956,33344,37221,34645,25428
32998,32694,33582,32720,34420,36920,32650,31956,33344,37221,34645,25428
33408,32688,30290,32711,34420,36920,32650,31956,33344,37221,34645,25428
33245,32775,29797,32659,34420,36920,32650,31956,33344,37221,34645,25428
32924,32759,34106,32582,34420,36920,32650,31956,33344,37221,34645,25428
32274,32701,35800,32713,34420,36920,32650,31956,33344,37221,34645,25428
32507,32787,34508,32679,34420,36920,32650,31956,33344,37221,34645,25428
32947,32866,33390,32731,34420,36920,32650,31956,33344,37221,34645,25428
33280,32789,33518,32651,34420,36920,32650,31956,33344,37221,34645,25428
33413,32703,33266,32711,34368,36976,32728,31898,33212,37276,34496,25595
33255,32733,32391,32791,34368,36976,32728,31898,33212,37276,34496,25595
33556,32695,32147,32677,34368,36976,32728,31898,33212,37276,34496,25595
33501,32756,31209,32923,34368,36976,32728,31898,33212,37276,34496,25595
33052,32947,31179,32962,34368,36976,32728,31898,33212,37276,34496,25595
33110,32967,31767,32972,34368,36976,32728,31898,33212,37276,34496,25595
33037,33274,32115,32835,34368,36976,32728,31898,33212,37276,34496,25595
32582,33490,33681,32680,34368,36976,32728,31898,33212,37276,34496,25595
32157,33494,34434,32787,34368,36976,32728,31898,33212,37276,34496,25595
31630,33194,34018,32834,34368,36976,32728,31898,33212,37276,34496,25595
31497,32823,33566,32898,34272,37040,32702,32010,33242,37277,34320,25820
32154,32580,33023,32898,34272,37040,32702,32010,33242,37277,34320,25820
32450,32554,32398,32919,34272,37040,32702,32010,33242,37277,34320,25820
32612,32534,31925,32844,34272,37040,32702,32010,33242,37277,34320,25820
32736,32568,31320,32907,34272,37040,32702,32010,33242,37277,34320,25820
32700,32679,31469,32772,34272,37040,32702,32010,33242,37277,34320,25820
32675,32741,32004,32790,34272,37040,32702,32010,33242,37277,34320,25820
32835,32798,32795,32723,34272,37040,32702,32010,33242,37277,34320,25820
33019,32726,33593,32685,34272,37040,32702,32010,33242,37277,34320,25820
33057,32623,35363,32742,34272,37040,32702,32010,33242,37277,34320,25820
33430,32623,35942,32717,34261,37008,32698,32008,33148,37273,34222,25970
33206,32696,33007,32797,34261,37008,32698,32008,33148,37273,34222,25970
33295,32766,33277,32787,34261,37008,32698,32008,33148,37273,34222,25970
33420,32715,34101,32839,34261,37008,32698,32008,33148,37273,34222,25970
32924,32708,31423,32838,34261,37008,32698,32008,33148,37273,34222,25970
32711,32725,30511,32855,34261,37008,32698,32008,33148,37273,34222,25970
32656,32685,29967,32832,34261,37008,32698,32008,33148,37273,34222,25970
32610,32742,30344,32786,34261,37008,32698,32008,33148,37273,34222,25970
32801,32738,32927,32711,34261,37008,32698,32008,33148,37273,34222,25970
33080,32775,33991,32742,34261,37008,32698,32008,33148,37273,34222,25970
33562,32639,34008,32809,34372,36960,32803,32068,33169,37264,34204,26077
33737,32605,34503,32765,34372,36960,32803,32068,33169,37264,34204,26077
33782,32598,32731,32847,34372,36960,32803,32068,33169,37264,34204,26077
33456,32628,30445,32929,34372,36960,32803,32068,33169,37264,34204,26077
33224,32727,31587,32758,34372,36960,32803,32068,33169,37264,34204,26077
32796,32795,34747,32823,34372,36960,32803,32068,33169,37264,34204,26077
32390,32848,33106,32739,34372,36960,32803,32068,33169,37264,34204,26077
32416,32839,33509,32738,34372,36960,32803,32068,33169,37264,34204,26077
32660,33017,34073,32684,34372,36960,32803,32068,33169,37264,34204,26077
32944,33203,32898,32907,34372,36960,32803,32068,33169,37264,34204,26077
32780,33314,34191,32994,34346,36952,32892,32128,33149,37272,34160,26269
32327,33179,34542,32879,34346,36952,32892,32128,33149,37272,34160,26269
32684,33107,33707,32822,34346,36952,32892,32128,33149,37272,34160,26269
32880,32950,32669,32843,34346,36952,32892,32128,33149,37272,34160,26269
32820,32855,33433,32619,34346,36952,32892,32128,33149,37272,34160,26269
32568,32814,34537,32398,34346,36952,32892,32128,33149,37272,34160,26269
32283,32720,33618,32586,34346,36952,32892,32128,33149,37272,34160,26269
31576,32731,32279,32687,34346,36952,32892,32128,33149,37272,34160,26269
31400,32652,31190,32835,34346,36952,32892,32128,33149,37272,34160,26269
31560,32671,31611,32789,34346,36952,32892,32128,33149,37272,34160,26269
31801,32637,30455,32932,34264,36997,32972,32132,33157,37240,34320,26442
32182,32722,30277,32839,34264,36997,32972,32132,33157,37240,34320,26442
32425,32714,30825,32903,34264,36997,32972,32132,33157,37240,34320,26442
32852,32758,30327,32955,34264,36997,32972,32132,33157,37240,34320,26442
32998,32793,30887,32802,34264,36997,32972,32132,33157,37240,34320,26442
33006,32787,32205,32875,34264,36997,32972,32132,33157,37240,34320,26442
33113,32831,32823,32794,34264,36997,32972,32132,33157,37240,34320,26442
33216,32897,34012,32825,34264,36997,32972,32132,33157,37240,34320,26442
32829,32878,34655,32799,34264,36997,32972,32132,33157,37240,34320,26442
33130,32915,33594,32803,34264,36997,32972,32132,33157,37240,34320,26442
33342,32866,33650,32847,34276,37096,33036,32256,33176,37268,34240,26552
33172,32839,34727,32757,34276,37096,33036,32256,33176,37268,34240,26552
32918,32828,33557,32811,34276,37096,33036,32256,33176,37268,34240,26552
32937,32826,31224,32802,34276,37096,33036,32256,33176,37268,34240,26552
33275,32815,30797,32702,34276,37096,33036,32256,33176,37268,34240,26552
33572,32910,32047,32794,34276,37096,33036,32256,33176,37268,34240,26552
33340,32982,33106,32733,34276,37096,33036,32256,33176,37268,34240,26552
32995,32821,32168,32877,34276,37096,33036,32256,33176,37268,34240,26552
32720,32808,32571,32827,34276,37096,33036,32256,33176,37268,34240,26552
32551,32844,34160,32723,34276,37096,33036,32256,33176,37268,34240,26552
32630,32833,32450,32805,34252,37104,32993,32308,33152,37224,34022,26696
33018,32795,32462,32775,34252,37104,32993,32308,33152,37224,34022,26696
32980,32707,34517,32741,34252,37104,32993,32308,33152,37224,34022,26696
32792,32735,32851,32731,34252,37104,32993,32308,33152,37224,34022,26696
32669,32728,35440,32699,34252,37104,32993,32308,33152,37224,34022,26696
32708,32735,37379,32711,34252,37104,32993,32308,33152,37224,34022,26696
32822,32814,30482,32763,34252,37104,32993,32308,33152,37224,34022,26696
32853,32738,29355,32797,34252,37104,32993,32308,33152,37224,34022,26696
32641,32837,32519,32829,34252,37104,32993,32308,33152,37224,34022,26696
32395,32751,33066,32775,34252,37104,32993,32308,33152,37224,34022,26696
32440,32763,32923,32758,34304,36965,33200,32400,33117,37276,34084,26860
32504,32728,34389,32818,34304,36965,33200,32400,33117,37276,34084,26860
32438,32741,34856,32732,34304,36965,33200,32400,33117,37276,34084,26860
32355,32834,33833,32861,34304,36965,33200,32400,33117,37276,34084,26860
32797,32830,32031,32839,34304,36965,33200,32400,33117,37276,34084,26860
33152,32813,31463,32836,34304,36965,33200,32400,33117,37276,34084,26860
33226,32811,32692,32873,34304,36965,33200,32400,33117,37276,34084,26860
33326,32883,32148,32765,34304,36965,33200,32400,33117,37276,34084,26860
33546,32959,33252,32722,34304,36965,33200,32400,33117,37276,34084,26860
33476,32955,33120,32740,34304,36965,33200,32400,33117,37276,34084,26860
32966,32916,32395,32745,34380,36932,33264,32394,33152,37192,34284,26996
32754,32967,31771,32846,34380,36932,33264,32394,33152,37192,34284,26996
32166,32935,31396,32909,34380,36932,33264,32394,33152,37192,34284,26996
31421,32887,31175,32857,34380,36932,33264,32394,33152,37192,34284,26996
31085,32882,31624,32842,34380,36932,33264,32394,33152,37192,34284,26996
31475,32823,31971,32764,34380,36932,33264,32394,33152,37192,34284,26996
32002,32837,32999,32786,34380,36932,33264,32394,33152,37192,34284,26996
32098,32855,35069,32806,34380,36932,33264,32394,33152,37192,34284,26996
32272,32888,35688,32823,34380,36932,33264,32394,33152,37192,34284,26996
32524,32849,32262,32807,34380,36932,33264,32394,33152,37192,34284,26996
32932,32786,33376,32835,34348,36960,33160,32356,33144,37108,34144,27136
32886,32807,32806,32819,34348,36960,33160,32356,33144,37108,34144,27136
33006,32805,34209,32741,34348,36960,33160,32356,33144,37108,34144,27136
33043,32825,33925,32775,34348,36960,33160,32356,33144,37108,34144,27136
33100,32785,33029,32762,34348,36960,33160,32356,33144,37108,34144,27136
33331,32795,32409,32695,34348,36960,33160,32356,33144,37108,34144,27136
33635,32799,33249,32839,34348,36960,33160,32356,33144,37108,34144,27136
33600,32758,32981,32750,34348,36960,33160,32356,33144,37108,34144,27136
33338,32877,33643,32677,34348,36960,33160,32356,33144,37108,34144,27136
33334,32879,33575,32775,34348,36960,33160,32356,33144,37108,34144,27136
33668,32995,32140,32857,34277,36996,33020,32450,33144,37257,33904,27212
33718,32982,30322,32783,34277,36996,33020,32450,33144,37257,33904,27212
33296,32876,29643,32886,34277,36996,33020,32450,33144,37257,33904,27212
33143,32919,29975,32675,34277,36996,33020,32450,33144,37257,33904,27212
32996,32867,29927,32975,34277,36996,33020,32450,33144,37257,33904,27212
32860,32839,29819,32831,34277,36996,33020,32450,33144,37257,33904,27212
32768,32767,30413,32743,34277,36996,33020,32450,33144,37257,33904,27212
32268,32857,30670,32899,34277,36996,33020,32450,33144,37257,33904,27212
32028,32761,38518,32794,34277,36996,33020,32450,33144,37257,33904,27212
31901,32730,37761,32765,34277,36996,33020,32450,33144,37257,33904,27212
32280,32765,35331,32800,34074,37032,33132,32504,33144,37328,33816,27378
32999,32710,36415,32810,34074,37032,33132,32504,33144,37328,33816,27378
33199,32775,33952,32817,34074,37032,33132,32504,33144,37328,33816,27378
33248,32752,34549,32847,34074,37032,33132,32504,33144,37328,33816,27378
32923,32719,32484,32803,34074,37032,33132,32504,33144,37328,33816,27378
32662,32751,31583,32775,34074,37032,33132,32504,33144,37328,33816,27378
32368,32849,32448,32820,34074,37032,33132,32504,33144,37328,33816,27378
32233,32847,32131,32767,34074,37032,33132,32504,33144,37328,33816,27378
32292,32885,33622,32890,34074,37032,33132,32504,33144,37328,33816,27378
32503,32803,32758,32743,34074,37032,33132,32504,33144,37328,33816,27378
32376,32847,29924,32781,34048,37072,33328,32586,33122,37280,33948,27481
32296,32927,30609,32697,34048,37072,33328,32586,33122,37280,33948,27481
32120,32890,32745,32759,34048,37072,33328,32586,33122,37280,33948,27481
31697,32919,32272,32762,34048,37072,33328,32586,33122,37280,33948,27481
31947,32873,31746,32800,34048,37072,33328,32586,33122,37280,33948,27481
32302,32845,32487,32767,34048,37072,33328,32586,33122,37280,33948,27481
32936,32860,32775,32746,34048,37072,33328,32586,33122,37280,33948,27481
33764,32735,32863,32773,34048,37072,33328,32586,33122,37280,33948,27481
33708,32615,32710,32769,34048,37072,33328,32586,33122,37280,33948,27481
33279,32579,33143,32855,34048,37072,33328,32586,33122,37280,33948,27481
33237,32758,33533,32775,34052,37044,33384,32756,33104,37248,33920,27570
33316,32839,33505,32869,34052,37044,33384,32756,33104,37248,33920,27570
33142,32807,33826,32739,34052,37044,33384,32756,33104,37248,33920,27570
32724,32835,33842,32858,34052,37044,33384,32756,33104,37248,33920,27570
32712,32766,34065,32829,34052,37044,33384,32756,33104,37248,33920,27570
32656,32749,33155,32790,34052,37044,33384,32756,33104,37248,33920,27570
32573,32816,33401,32822,34052,37044,33384,32756,33104,37248,33920,27570
32767,32882,32340,32807,34052,37044,33384,32756,33104,37248,33920,27570
32720,32906,29732,32775,34052,37044,33384,32756,33104,37248,33920,27570
32809,32893,29021,32818,34052,37044,33384,32756,33104,37248,33920,27570
32946,32812,30267,32722,34160,36972,33384,32864,33162,37170,33920,27720
33000,32871,32795,32729,34160,36972,33384,32864,33162,37170,33920,27720
33136,32875,33405,32883,34160,36972,33384,32864,33162,37170,33920,27720
33391,32883,33408,32823,34160,36972,33384,32864,33162,37170,33920,27720
33456,32932,33901,32797,34160,36972,33384,32864,33162,37170,33920,27720
33277,32805,35486,32743,34160,36972,33384,32864,33162,37170,33920,27720
33040,32815,33883,32663,34160,36972,33384,32864,33162,37170,33920,27720
32692,32796,33079,32721,34160,36972,33384,32864,33162,37170,33920,27720
32482,32903,32815,32729,34160,36972,33384,32864,33162,37170,33920,27720
32208,32763,32926,32873,34160,36972,33384,32864,33162,37170,33920,27720
32453,32783,32263,32787,34200,36854,33384,32848,33352,37197,33956,27848
32665,32769,33208,32623,34200,36854,33384,32848,33352,37197,33956,27848
32927,32741,31674,32712,34200,36854,33384,32848,33352,37197,33956,27848
32821,32770,30977,32741,34200,36854,33384,32848,33352,37197,33956,27848
32535,32741,32241,32765,34200,36854,33384,32848,33352,37197,33956,27848
32315,32883,34128,32805,34200,36854,33384,32848,33352,37197,33956,27848
32386,33004,35198,32717,34200,36854,33384,32848,33352,37197,33956,27848
32876,33087,32711,32841,34200,36854,33384,32848,33352,37197,33956,27848
33348,33074,33129,32803,34200,36854,33384,32848,33352,37197,33956,27848
32576,33052,33603,32810,34200,36854,33384,32848,33352,37197,33956,27848
31882,32996,33874,32772,34136,36842,33352,33018,33545,37072,34204,27996
31631,32922,33211,32823,34136,36842,33352,33018,33545,37072,34204,27996
31590,32839,31609,32809,34136,36842,33352,33018,33545,37072,34204,27996
32001,32823,31555,32787,34136,36842,33352,33018,33545,37072,34204,27996
32328,32727,32001,32775,34136,36842,33352,33018,33545,37072,34204,27996
33138,32701,31773,32889,34136,36842,33352,33018,33545,37072,34204,27996
33699,32711,31879,32821,34136,36842,33352,33018,33545,37072,34204,27996
33490,32756,31827,32911,34136,36842,33352,33018,33545,37072,34204,27996
33700,32775,32415,32839,34136,36842,33352,33018,33545,37072,34204,27996
33415,32709,36749,32839,34136,36842,33352,33018,33545,37072,34204,27996
32694,32767,34197,32771,34412,37002,33340,33129,33704,37040,33984,28106
32009,32827,33253,32787,34412,37002,33340,33129,33704,37040,33984,28106
31288,32883,32857,32785,34412,37002,33340,33129,33704,37040,33984,28106
31032,32894,33427,32635,34412,37002,33340,33129,33704,37040,33984,28106
31558,32910,33865,32804,34412,37002,33340,33129,33704,37040,33984,28106
32683,32959,33555,32743,34412,37002,33340,33129,33704,37040,33984,28106
33673,33023,32486,32666,34412,37002,33340,33129,33704,37040,33984,28106
34151,33102,31151,32763,34412,37002,33340,33129,33704,37040,33984,28106
34172,32951,31062,32762,34412,37002,33340,33129,33704,37040,33984,28106
33845,32935,30883,32759,34412,37002,33340,33129,33704,37040,33984,28106
33222,32888,30959,32887,34608,36840,33576,33232,33764,37202,34062,28200
33037,32808,31751,32806,34608,36840,33576,33232,33764,37202,34062,28200
32861,32821,32513,32740,34608,36840,33576,33232,33764,37202,34062,28200
32455,32771,32920,32831,34608,36840,33576,33232,33764,37202,34062,28200
32624,32710,33106,32737,34608,36840,33576,33232,33764,37202,34062,28200
32897,32722,32647,32696,34608,36840,33576,33232,33764,37202,34062,28200
32368,32714,33859,32905,34608,36840,33576,33232,33764,37202,34062,28200
32379,32722,33621,32799,34608,36840,33576,33232,33764,37202,34062,28200
32592,32729,32485,32908,34608,36840,33576,33232,33764,37202,34062,28200
32748,32775,32110,32929,34608,36840,33576,33232,33764,37202,34062,28200
32688,32846,31762,32855,34704,36827,33886,33212,33846,37164,34178,28339
32903,32919,32135,32914,34704,36827,33886,33212,33846,37164,34178,28339
32884,32880,33407,32823,34704,36827,33886,33212,33846,37164,34178,28339
33104,32898,33199,32777,34704,36827,33886,33212,33846,37164,34178,28339
33027,32765,32897,32602,34704,36827,33886,33212,33846,37164,34178,28339
32875,32833,34805,32626,34704,36827,33886,33212,33846,37164,34178,28339
32852,32820,34587,32752,34704,36827,33886,33212,33846,37164,34178,28339
32876,32875,32901,32775,34704,36827,33886,33212,33846,37164,34178,28339
32642,32875,32333,32811,34704,36827,33886,33212,33846,37164,34178,28339
32444,32855,31860,32727,34704,36827,33886,33212,33846,37164,34178,28339
32314,32855,32114,32879,34916,36844,34156,33315,33894,37122,34172,28476
32279,32889,32925,32909,34916,36844,34156,33315,33894,37122,34172,28476
32270,32871,33632,32867,34916,36844,34156,33315,33894,37122,34172,28476
32122,32847,33067,32783,34916,36844,34156,33315,33894,37122,34172,28476
32256,32875,32783,32741,34916,36844,34156,33315,33894,37122,34172,28476
32252,32939,32961,32839,34916,36844,34156,33315,33894,37122,34172,28476
32973,32831,32375,32831,34916,36844,34156,33315,33894,37122,34172,28476
33506,32785,32471,32705,34916,36844,34156,33315,33894,37122,34172,28476
33690,32895,32093,32760,34916,36844,34156,33315,33894,37122,34172,28476
33602,32899,32158,32791,34916,36844,34156,33315,33894,37122,34172,28476
33294,32794,32314,32802,35000,36872,34160,33384,33952,37168,34098,28562
32816,32760,32527,32756,35000,36872,34160,33384,33952,37168,34098,28562
32698,32659,32473,32775,35000,36872,34160,33384,33952,37168,34098,28562
32728,32466,32921,32740,35000,36872,34160,33384,33952,37168,34098,28562
32708,32471,33202,32701,35000,36872,34160,33384,33952,37168,34098,28562
32651,32599,32925,32771,35000,36872,34160,33384,33952,37168,34098,28562
32456,32686,32770,32815,35000,36872,34160,33384,33952,37168,34098,28562
32430,32688,34214,32819,35000,36872,34160,33384,33952,37168,34098,28562
32687,32605,33535,32934,35000,36872,34160,33384,33952,37168,34098,28562
32815,32667,33104,32831,35000,36872,34160,33384,33952,37168,34098,28562
32743,32674,32801,32765,34936,36928,34236,33360,34074,37200,34024,28692
32754,32762,32139,32815,34936,36928,34236,33360,34074,37200,34024,28692
32813,32770,32111,32827,34936,36928,34236,33360,34074,37200,34024,28692
32686,32734,32286,33013,34936,36928,34236,33360,34074,37200,34024,28692
32755,32749,32327,32933,34936,36928,34236,33360,34074,37200,34024,28692
32896,32804,32905,32890,34936,36928,34236,33360,34074,37200,34024,28692
33175,32694,33305,32827,34936,36928,34236,33360,34074,37200,34024,28692
33319,32722,33026,32678,34936,36928,34236,33360,34074,37200,34024,28692
33287,32807,32894,32437,34936,36928,34236,33360,34074,37200,34024,28692
33140,32886,33007,32549,34936,36928,34236,33360,34074,37200,34024,28692
33008,32938,32534,32694,34913,36992,34257,33381,34146,37204,34136,28780
32801,32965,32803,32689,34913,36992,34257,33381,34146,37204,34136,28780
32555,32839,32581,32631,34913,36992,34257,33381,34146,37204,34136,28780
32195,32786,32903,32751,34913,36992,34257,33381,34146,37204,34136,28780
32128,32811,32591,32961,34913,36992,34257,33381,34146,37204,34136,28780
32160,32813,32629,32849,34913,36992,34257,33381,34146,37204,34136,28780
32619,32814,32415,32913,34913,36992,34257,33381,34146,37204,34136,28780
32994,32775,32471,32812,34913,36992,34257,33381,34146,37204,34136,28780
33098,32811,33045,32827,34913,36992,34257,33381,34146,37204,34136,28780
32961,32825,33131,32810,34913,36992,34257,33381,34146,37204,34136,28780
32830,32839,33261,32734,35032,36928,34368,33561,34128,37128,34058,28914
32807,32914,32189,32766,35032,36928,34368,33561,34128,37128,34058,28914
33188,32861,32379,32742,35032,36928,34368,33561,34128,37128,34058,28914
33222,32846,32601,32733,35032,36928,34368,33561,34128,37128,34058,28914
33055,32858,33031,32613,35032,36928,34368,33561,34128,37128,34058,28914
32837,32736,33517,32683,35032,36928,34368,33561,34128,37128,34058,28914
32366,32790,33718,32623,35032,36928,34368,33561,34128,37128,34058,28914
32153,32861,33366,32861,35032,36928,34368,33561,34128,37128,34058,28914
31995,32908,33433,32875,35032,36928,34368,33561,34128,37128,34058,28914
32187,32957,33117,32775,35032,36928,34368,33561,34128,37128,34058,28914
32599,32961,32549,32966,35040,36818,34548,33541,34094,37272,34084,29013
32654,32903,31710,32981,35040,36818,34548,33541,34094,37272,34084,29013
32877,32734,30855,32747,35040,36818,34548,33541,34094,37272,34084,29013
33035,32743,31411,32881,35040,36818,34548,33541,34094,37272,34084,29013
33033,32717,31323,32742,35040,36818,34548,33541,34094,37272,34084,29013
32873,32758,32807,32626,35040,36818,34548,33541,34094,37272,34084,29013
32820,32775,34783,32806,35040,36818,34548,33541,34094,37272,34084,29013
32935,32821,34021,32770,35040,36818,34548,33541,34094,37272,34084,29013
32944,32805,32575,32603,35040,36818,34548,33541,34094,37272,34084,29013
33461,32830,32884,32617,35040,36818,34548,33541,34094,37272,34084,29013
33171,32838,32476,32610,35094,36850,34576,33650,34124,37192,34234,29112
32498,32987,31605,32863,35094,36850,34576,33650,34124,37192,34234,29112
32181,32967,31978,32905,35094,36850,34576,33650,34124,37192,34234,29112
32333,32886,32797,32768,35094,36850,34576,33650,34124,37192,34234,29112
32722,32816,33413,32875,35094,36850,34576,33650,34124,37192,34234,29112
32691,32728,33954,32860,35094,36850,34576,33650,34124,37192,34234,29112
32611,32773,33360,32839,35094,36850,34576,33650,34124,37192,34234,29112
32485,32767,32876,32859,35094,36850,34576,33650,34124,37192,34234,29112
32236,32775,32711,32803,35094,36850,34576,33650,34124,37192,34234,29112
32759,32719,32646,32858,35094,36850,34576,33650,34124,37192,34234,29112
32998,32775,32359,32767,35016,36866,34556,33714,34096,37198,34232,29189
32944,32822,32837,32847,35016,36866,34556,33714,34096,37198,34232,29189
32494,32882,32666,32826,35016,36866,34556,33714,34096,37198,34232,29189
32942,32948,32849,32907,35016,36866,34556,33714,34096,37198,34232,29189
33312,32851,32549,32740,35016,36866,34556,33714,34096,37198,34232,29189
33038,32898,32827,32835,35016,36866,34556,33714,34096,37198,34232,29189
32746,32814,32775,32719,35016,36866,34556,33714,34096,37198,34232,29189
32882,32861,33023,32851,35016,36866,34556,33714,34096,37198,34232,29189
33136,32918,32877,32792,35016,36866,34556,33714,34096,37198,34232,29189
33036,32841,33260,32873,35016,36866,34556,33714,34096,37198,34232,29189
32902,32767,32982,32813,34884,36948,34516,33760,34033,37272,34207,29284
32954,32763,32855,32847,34884,36948,34516,33760,34033,37272,34207,29284
32782,32754,32514,32871,34884,36948,34516,33760,34033,37272,34207,29284
32699,32715,32402,32773,34884,36948,34516,33760,34033,37272,34207,29284
32608,32669,32737,32827,34884,36948,34516,33760,34033,37272,34207,29284
32438,32667,32631,32738,34884,36948,34516,33760,34033,37272,34207,29284
32533,32661,31819,32814,34884,36948,34516,33760,34033,37272,34207,29284
32728,32830,32105,32759,34884,36948,34516,33760,34033,37272,34207,29284
32711,32846,32533,32721,34884,36948,34516,33760,34033,37272,34207,29284
32637,32753,32854,32767,34884,36948,34516,33760,34033,37272,34207,29284
32698,32833,32637,32789,34836,36870,34634,33762,33979,37245,34264,29370
32749,32832,32665,32843,34836,36870,34634,33762,33979,37245,34264,29370
32815,32787,32871,32775,34836,36870,34634,33762,33979,37245,34264,29370
32726,32854,33427,32719,34836,36870,34634,33762,33979,37245,34264,29370
32746,32839,33183,32763,34836,36870,34634,33762,33979,37245,34264,29370
33084,32865,32871,32719,34836,36870,34634,33762,33979,37245,34264,29370
32994,32839,32621,32602,34836,36870,34634,33762,33979,37245,34264,29370
32799,32867,32953,32733,34836,36870,34634,33762,33979,37245,34264,29370
32775,32818,32746,32703,34836,36870,34634,33762,33979,37245,34264,29370
32672,32787,32859,32824,34836,36870,34634,33762,33979,37245,34264,29370
32524,32674,32566,32783,34752,36840,34894,33792,33892,37154,34312,29452
32644,32614,32615,32903,34752,36840,34894,33792,33892,37154,34312,29452
33014,32609,32442,32833,34752,36840,34894,33792,33892,37154,34312,29452
32903,32677,32763,32799,34752,36840,34894,33792,33892,37154,34312,29452
32588,32607,32554,32761,34752,36840,34894,33792,33892,37154,34312,29452
32530,32557,32971,32754,34752,36840,34894,33792,33892,37154,34312,29452
32649,32636,33307,32789,34752,36840,34894,33792,33892,37154,34312,29452
32614,32753,33415,32795,34752,36840,34894,33792,33892,37154,34312,29452
32721,32871,32619,32831,34752,36840,34894,33792,33892,37154,34312,29452
32617,33010,32775,32801,34752,36840,34894,33792,33892,37154,34312,29452
32490,32975,32604,32742,34658,36857,34968,33848,33812,37180,34192,29524
32444,32961,32691,32831,34658,36857,34968,33848,33812,37180,34192,29524
32647,33001,32625,32743,34658,36857,34968,33848,33812,37180,34192,29524
32878,32948,32735,32807,34658,36857,34968,33848,33812,37180,34192,29524
32846,32983,32710,32838,34658,36857,34968,33848,33812,37180,34192,29524
32893,33006,32712,32937,34658,36857,34968,33848,33812,37180,34192,29524
33042,33023,32647,32879,34658,36857,34968,33848,33812,37180,34192,29524
33116,32923,32827,32740,34658,36857,34968,33848,33812,37180,34192,29524
33132,32863,32828,32807,34658,36857,34968,33848,33812,37180,34192,29524
32971,32923,32706,32889,34658,36857,34968,33848,33812,37180,34192,29524
32660,33014,32809,32999,34560,36812,34892,33894,33760,37292,34160,29592
32530,32976,32689,32964,34560,36812,34892,33894,33760,37292,34160,29592
32460,32952,32903,32729,34560,36812,34892,33894,33760,37292,34160,29592
32372,32962,32603,32694,34560,36812,34892,33894,33760,37292,34160,29592
32173,32589,32775,32735,34560,36812,34892,33894,33760,37292,34160,29592
32343,32463,32521,32889,34560,36812,34892,33894,33760,37292,34160,29592
32843,32481,32679,32858,34560,36812,34892,33894,33760,37292,34160,29592
32994,32509,32666,32839,34560,36812,34892,33894,33760,37292,34160,29592
33094,32514,32775,32677,34560,36812,34892,33894,33760,37292,34160,29592
33192,32487,32783,32707,34560,36812,34892,33894,33760,37292,34160,29592
32968,32608,32615,32753,34444,36908,35032,33892,33688,37281,34194,29676
32860,32752,32938,32883,34444,36908,35032,33892,33688,37281,34194,29676
32647,32726,32599,32967,34444,36908,35032,33892,33688,37281,34194,29676
32700,32730,32927,32877,34444,36908,35032,33892,33688,37281,34194,29676
32775,32710,32562,32801,34444,36908,35032,33892,33688,37281,34194,29676
32801,32899,32801,32759,34444,36908,35032,33892,33688,37281,34194,29676
32864,32839,32615,32690,34444,36908,35032,33892,33688,37281,34194,29676
32843,32837,32790,32758,34444,36908,35032,33892,33688,37281,34194,29676
32882,32775,32639,32722,34444,36908,35032,33892,33688,37281,34194,29676
32873,32799,32829,32741,34444,36908,35032,33892,33688,37281,34194,29676
32864,32811,32875,32818,34268,36976,35024,33852,33568,37312,34065,29728
32802,32853,32715,32843,34268,36976,35024,33852,33568,37312,34065,29728
32639,32879,32943,32846,34268,36976,35024,33852,33568,37312,34065,29728
32662,32910,32595,32803,34268,36976,35024,33852,33568,37312,34065,29728
32609,32967,32916,32762,34268,36976,35024,33852,33568,37312,34065,29728
32588,32939,32658,32873,34268,36976,35024,33852,33568,37312,34065,29728
32692,32957,32937,32827,34268,36976,35024,33852,33568,37312,34065,29728
32711,32953,32759,32903,34268,36976,35024,33852,33568,37312,34065,29728
32788,32868,32959,32743,34268,36976,35024,33852,33568,37312,34065,29728
32820,32855,32851,32591,34268,36976,35024,33852,33568,37312,34065,29728
32786,32915,32799,32684,34152,36988,34928,33960,33508,37341,34008,29837
32799,32816,32859,32813,34152,36988,34928,33960,33508,37341,34008,29837
32815,32795,32702,32917,34152,36988,34928,33960,33508,37341,34008,29837
32840,32691,32979,32823,34152,36988,34928,33960,33508,37341,34008,29837
32808,32717,32883,32767,34152,36988,34928,33960,33508,37341,34008,29837
32792,32729,32956,32822,34152,36988,34928,33960,33508,37341,34008,29837
32767,32798,32887,32827,34152,36988,34928,33960,33508,37341,34008,29837
32658,32843,32869,32805,34152,36988,34928,33960,33508,37341,34008,29837
32680,32802,32816,32551,34152,36988,34928,33960,33508,37341,34008,29837
32716,32787,32719,32702,34152,36988,34928,33960,33508,37341,34008,29837
32733,32822,32822,32859,34096,37004,34984,33880,33498,37288,33993,29910
32685,32858,32551,32864,34096,37004,34984,33880,33498,37288,33993,29910
32744,32715,32815,32929,34096,37004,34984,33880,33498,37288,33993,29910
32906,32711,32791,32839,34096,37004,34984,33880,33498,37288,33993,29910
32905,32761,32704,32765,34096,37004,34984,33880,33498,37288,33993,29910
33009,32691,32758,32894,34096,37004,34984,33880,33498,37288,33993,29910
33071,32893,32549,32811,34096,37004,34984,33880,33498,37288,33993,29910
32966,32937,32795,32625,34096,37004,34984,33880,33498,37288,33993,29910
32886,32787,32665,32545,34096,37004,34984,33880,33498,37288,33993,29910
32947,32825,32854,32655,34096,37004,34984,33880,33498,37288,33993,29910
32766,32891,32599,32763,34064,37002,34976,33912,33480,37235,33906,29948
32702,32967,32993,32623,34064,37002,34976,33912,33480,37235,33906,29948
32623,33007,32681,32703,34064,37002,34976,33912,33480,37235,33906,29948
32522,32965,32846,32743,34064,37002,34976,33912,33480,37235,33906,29948
32604,33007,32699,33114,34064,37002,34976,33912,33480,37235,33906,29948
32844,32871,32731,33101,34064,37002,34976,33912,33480,37235,33906,29948
32804,32856,32817,32889,34064,37002,34976,33912,33480,37235,33906,29948
32873,32750,32629,32978,34064,37002,34976,33912,33480,37235,33906,29948
32954,32635,32886,32943,34064,37002,34976,33912,33480,37235,33906,29948
32898,32675,32649,32891,34064,37002,34976,33912,33480,37235,33906,29948
32981,32695,32903,32763,34132,36969,34821,34004,33512,37268,33808,30016
32901,32631,32813,32707,34132,36969,34821,34004,33512,37268,33808,30016
32576,32658,32614,32758,34132,36969,34821,34004,33512,37268,33808,30016
32168,32815,32878,32808,34132,36969,34821,34004,33512,37268,33808,30016
32071,32891,32669,32775,34132,36969,34821,34004,33512,37268,33808,30016
32356,32875,33046,32753,34132,36969,34821,34004,33512,37268,33808,30016
32586,32715,32668,32626,34132,36969,34821,34004,33512,37268,33808,30016
33029,32671,32960,32721,34132,36969,34821,34004,33512,37268,33808,30016
33333,32686,32731,32737,34132,36969,34821,34004,33512,37268,33808,30016
33105,32800,32927,32775,34132,36969,34821,34004,33512,37268,33808,30016
33240,32927,32775,32771,34192,36924,34752,33920,33504,37284,33768,30116
33276,33166,32685,32724,34192,36924,34752,33920,33504,37284,33768,30116
32841,33025,32955,32773,34192,36924,34752,33920,33504,37284,33768,30116
32395,32851,32643,32663,34192,36924,34752,33920,33504,37284,33768,30116
32233,32861,32998,32787,34192,36924,34752,33920,33504,37284,33768,30116
32143,32809,32669,32743,34192,36924,34752,33920,33504,37284,33768,30116
32053,32795,32842,32727,34192,36924,34752,33920,33504,37284,33768,30116
32380,32806,32670,32797,34192,36924,34752,33920,33504,37284,33768,30116
33125,32775,32623,32843,34192,36924,34752,33920,33504,37284,33768,30116
33575,32794,32747,32863,34192,36924,34752,33920,33504,37284,33768,30116
33550,32795,32587,32813,34240,36936,34652,34128,33508,37282,33724,30124
33287,32703,32833,32927,34240,36936,34652,34128,33508,37282,33724,30124
32982,32751,32535,32670,34240,36936,34652,34128,33508,37282,33724,30124
32829,32710,32930,32767,34240,36936,34652,34128,33508,37282,33724,30124
32678,32737,32801,32653,34240,36936,34652,34128,33508,37282,33724,30124
32703,32782,33045,32795,34240,36936,34652,34128,33508,37282,33724,30124
32686,32745,32838,32767,34240,36936,34652,34128,33508,37282,33724,30124
32740,32838,33011,32824,34240,36936,34652,34128,33508,37282,33724,30124
32712,32819,32819,32843,34240,36936,34652,34128,33508,37282,33724,30124
32687,32839,32964,32867,34240,36936,34652,34128,33508,37282,33724,30124
32911,32791,32861,32821,34320,36904,34536,33958,33466,37280,33736,30204
32839,32855,33154,32832,34320,36904,34536,33958,33466,37280,33736,30204
32684,32855,32772,32759,34320,36904,34536,33958,33466,37280,33736,30204
32639,32883,32407,32795,34320,36904,34536,33958,33466,37280,33736,30204
32618,32871,32401,32685,34320,36904,34536,33958,33466,37280,33736,30204
32538,32735,32450,32879,34320,36904,34536,33958,33466,37280,33736,30204
32578,32775,32668,32787,34320,36904,34536,33958,33466,37280,33736,30204
32704,32807,32795,32875,34320,36904,34536,33958,33466,37280,33736,30204
33075,32839,32438,32687,34320,36904,34536,33958,33466,37280,33736,30204
33113,32851,32753,32783,34320,36904,34536,33958,33466,37280,33736,30204
33031,32815,32758,32751,34392,36846,34660,34027,33498,37290,33868,30224
33058,32785,32758,32815,34392,36846,34660,34027,33498,37290,33868,30224
33200,32719,32999,32711,34392,36846,34660,34027,33498,37290,33868,30224
33205,32801,32914,32824,34392,36846,34660,34027,33498,37290,33868,30224
33076,32738,33042,32871,34392,36846,34660,34027,33498,37290,33868,30224
32744,32728,32983,32815,34392,36846,34660,34027,33498,37290,33868,30224
32612,32719,33268,32829,34392,36846,34660,34027,33498,37290,33868,30224
32366,32733,32786,32805,34392,36846,34660,34027,33498,37290,33868,30224
32144,32895,32935,32805,34392,36846,34660,34027,33498,37290,33868,30224
32220,32924,32667,32697,34392,36846,34660,34027,33498,37290,33868,30224
32410,32851,32688,32833,34432,36850,34740,34016,33540,37224,33912,30284
32460,32861,32775,32815,34432,36850,34740,34016,33540,37224,33912,30284
32454,32864,32645,32748,34432,36850,34740,34016,33540,37224,33912,30284
32613,32898,32775,32831,34432,36850,34740,34016,33540,37224,33912,30284
32896,32903,32487,32667,34432,36850,34740,34016,33540,37224,33912,30284
32930,32805,32547,32773,34432,36850,34740,34016,33540,37224,33912,30284
32876,32775,33018,32715,34432,36850,34740,34016,33540,37224,33912,30284
32810,32839,32621,32845,34432,36850,34740,34016,33540,37224,33912,30284
32704,32905,32957,32843,34432,36850,34740,34016,33540,37224,33912,30284
32688,32790,32591,32741,34432,36850,34740,34016,33540,37224,33912,30284
32899,32775,32710,32775,34408,36832,34848,34049,33596,37248,33905,30304
33013,32787,32463,32719,34408,36832,34848,34049,33596,37248,33905,30304
32964,32894,32592,32756,34408,36832,34848,34049,33596,37248,33905,30304
33046,32805,32506,32774,34408,36832,34848,34049,33596,37248,33905,30304
32863,32785,32841,32831,34408,36832,34848,34049,33596,37248,33905,30304
32656,32831,32697,32839,34408,36832,34848,34049,33596,37248,33905,30304
32620,32743,33022,32931,34408,36832,34848,34049,33596,37248,33905,30304
32787,32749,32803,32807,34408,36832,34848,34049,33596,37248,33905,30304
32794,32759,33052,32877,34408,36832,34848,34049,33596,37248,33905,30304
32607,32765,32775,32791,34408,36832,34848,34049,33596,37248,33905,30304
32662,32758,32761,32889,34404,36856,34944,34060,33641,37280,33930,30396
32742,32719,32747,32729,34404,36856,34944,34060,33641,37280,33930,30396
32864,32831,32737,32775,34404,36856,34944,34060,33641,37280,33930,30396
32788,32775,32835,32609,34404,36856,34944,34060,33641,37280,33930,30396
32746,32775,32754,32623,34404,36856,34944,34060,33641,37280,33930,30396
32692,32757,32915,32631,34404,36856,34944,34060,33641,37280,33930,30396
32637,32749,32710,32668,34404,36856,34944,34060,33641,37280,33930,30396
32765,32851,32963,32775,34404,36856,34944,34060,33641,37280,33930,30396
32953,32926,32647,32796,34404,36856,34944,34060,33641,37280,33930,30396
32933,32858,32885,32824,34404,36856,34944,34060,33641,37280,33930,30396
32832,32807,32647,32857,34368,36834,34920,34240,33668,37220,33952,30508
32837,32775,32865,33012,34368,36834,34920,34240,33668,37220,33952,30508
32827,32796,32701,32827,34368,36834,34920,34240,33668,37220,33952,30508
32833,32980,32860,32791,34368,36834,34920,34240,33668,37220,33952,30508
32777,32835,32601,32765,34368,36834,34920,34240,33668,37220,33952,30508
32624,32775,32826,32721,34368,36834,34920,34240,33668,37220,33952,30508
32618,32855,32699,32745,34368,36834,34920,34240,33668,37220,33952,30508
32762,32967,33017,32865,34368,36834,34920,34240,33668,37220,33952,30508
32632,32907,32948,32997,34368,36834,34920,34240,33668,37220,33952,30508
32474,32868,32723,32966,34368,36834,34920,34240,33668,37220,33952,30508
32526,32839,32893,32771,34304,36798,35010,34144,33636,37208,33900,30560
32530,32738,32525,32882,34304,36798,35010,34144,33636,37208,33900,30560
32677,32754,32775,32839,34304,36798,35010,34144,33636,37208,33900,30560
32879,32775,32659,32767,34304,36798,35010,34144,33636,37208,33900,30560
32858,32807,32878,32803,34304,36798,35010,34144,33636,37208,33900,30560
32867,32820,32847,32745,34304,36798,35010,34144,33636,37208,33900,30560
32858,32876,32687,32819,34304,36798,35010,34144,33636,37208,33900,30560
32634,32771,32838,32711,34304,36798,35010,34144,33636,37208,33900,30560
32745,32748,32719,32748,34304,36798,35010,34144,33636,37208,33900,30560
32909,32759,32935,32802,34304,36798,35010,34144,33636,37208,33900,30560
32877,32699,32690,32747,34372,36720,35088,34082,33652,37280,33904,30600
32978,32796,32859,32818,34372,36720,35088,34082,33652,37280,33904,30600
32992,32893,32767,32683,34372,36720,35088,34082,33652,37280,33904,30600
32926,32775,32795,32793,34372,36720,35088,34082,33652,37280,33904,30600
32786,32767,32829,32832,34372,36720,35088,34082,33652,37280,33904,30600
32774,32823,32734,32838,34372,36720,35088,34082,33652,37280,33904,30600
32798,32766,32837,32717,34372,36720,35088,34082,33652,37280,33904,30600
32756,32765,32658,32675,34372,36720,35088,34082,33652,37280,33904,30600
32742,32829,32847,32751,34372,36720,35088,34082,33652,37280,33904,30600
32720,32839,32665,32765,34372,36720,35088,34082,33652,37280,33904,30600
32720,32775,32865,32879,34377,36742,35084,34232,33640,37272,33864,30618
32728,32765,32531,32854,34377,36742,35084,34232,33640,37272,33864,30618
32805,32722,32903,32809,34377,36742,35084,34232,33640,37272,33864,30618
32846,32765,32611,32806,34377,36742,35084,34232,33640,37272,33864,30618
32840,32947,32853,32830,34377,36742,35084,34232,33640,37272,33864,30618
32912,32877,32640,32845,34377,36742,35084,34232,33640,37272,33864,30618
32880,32725,32891,32693,34377,36742,35084,34232,33640,37272,33864,30618
32825,32695,32610,32773,34377,36742,35084,34232,33640,37272,33864,30618
32721,32763,32813,32743,34377,36742,35084,34232,33640,37272,33864,30618
32691,32895,32719,32932,34377,36742,35084,34232,33640,37272,33864,30618
32615,32946,32861,32879,34400,36789,35192,34256,33640,37280,33852,30707
32718,32855,32775,32707,34400,36789,35192,34256,33640,37280,33852,30707
32681,32786,32972,32711,34400,36789,35192,34256,33640,37280,33852,30707
32648,32752,32742,32738,34400,36789,35192,34256,33640,37280,33852,30707
32605,32864,32923,32867,34400,36789,35192,34256,33640,37280,33852,30707
32895,32999,32705,32815,34400,36789,35192,34256,33640,37280,33852,30707
32914,32911,32847,32873,34400,36789,35192,34256,33640,37280,33852,30707
32944,32863,32691,32925,34400,36789,35192,34256,33640,37280,33852,30707
32901,32791,32677,32903,34400,36789,35192,34256,33640,37280,33852,30707
32842,32733,32771,32849,34400,36789,35192,34256,33640,37280,33852,30707
32750,32771,32609,32782,34453,36724,35176,34244,33622,37252,33802,30765
32759,32771,32821,32853,34453,36724,35176,34244,33622,37252,33802,30765
32724,32759,32583,32751,34453,36724,35176,34244,33622,37252,33802,30765
32681,32833,32761,32690,34453,36724,35176,34244,33622,37252,33802,30765
32644,32679,32763,32734,34453,36724,35176,34244,33622,37252,33802,30765
32708,32745,32620,32818,34453,36724,35176,34244,33622,37252,33802,30765
32824,32765,32886,32812,34453,36724,35176,34244,33622,37252,33802,30765
32717,32741,32826,32903,34453,36724,35176,34244,33622,37252,33802,30765
32662,32696,32643,32825,34453,36724,35176,34244,33622,37252,33802,30765
32692,32711,32916,32765,34453,36724,35176,34244,33622,37252,33802,30765
32802,32734,32733,32818,34488,36776,35114,34272,33658,37249,33808,30812
32708,32721,32811,32727,34488,36776,35114,34272,33658,37249,33808,30812
32675,32723,32903,32667,34488,36776,35114,34272,33658,37249,33808,30812
32787,32803,32709,32758,34488,36776,35114,34272,33658,37249,33808,30812
32824,32847,33055,32875,34488,36776,35114,34272,33658,37249,33808,30812
32782,32889,32877,32907,34488,36776,35114,34272,33658,37249,33808,30812
32850,32869,32894,32879,34488,36776,35114,34272,33658,37249,33808,30812
32860,32871,32848,32741,34488,36776,35114,34272,33658,37249,33808,30812
32752,32843,32735,32809,34488,36776,35114,34272,33658,37249,33808,30812
32674,32811,32865,32731,34488,36776,35114,34272,33658,37249,33808,30812
32743,32761,32592,32802,34600,36725,35144,34148,33674,37268,33808,30856
32792,32791,32861,32775,34600,36725,35144,34148,33674,37268,33808,30856
32900,32819,32535,32815,34600,36725,35144,34148,33674,37268,33808,30856
33004,32818,32839,32791,34600,36725,35144,34148,33674,37268,33808,30856
32933,32887,32667,32814,34600,36725,35144,34148,33674,37268,33808,30856
32780,32863,32843,32807,34600,36725,35144,34148,33674,37268,33808,30856
32775,32821,32637,32763,34600,36725,35144,34148,33674,37268,33808,30856
32772,32791,32711,32711,34600,36725,35144,34148,33674,37268,33808,30856
32815,32839,32816,32630,34600,36725,35144,34148,33674,37268,33808,30856
32649,32809,32647,32623,34600,36725,35144,34148,33674,37268,33808,30856
32541,32852,32920,32806,34664,36726,35200,34234,33700,37234,33732,30874
32555,32895,32655,32775,34664,36726,35200,34234,33700,37234,33732,30874
32491,32818,32935,32711,34664,36726,35200,34234,33700,37234,33732,30874
32306,32815,32656,32774,34664,36726,35200,34234,33700,37234,33732,30874
32447,32817,32946,32770,34664,36726,35200,34234,33700,37234,33732,30874
32751,32765,32679,32839,34664,36726,35200,34234,33700,37234,33732,30874
32771,32729,32841,32775,34664,36726,35200,34234,33700,37234,33732,30874
32772,32727,32775,32789,34664,36726,35200,34234,33700,37234,33732,30874
32833,32549,32735,32804,34664,36726,35200,34234,33700,37234,33732,30874
32880,32549,33003,32703,34664,36726,35200,34234,33700,37234,33732,30874
32960,32659,32708,32591,34688,36712,35165,34180,33723,37248,33668,30904
32980,32691,32890,32797,34688,36712,35165,34180,33723,37248,33668,30904
33010,32839,32791,32792,34688,36712,35165,34180,33723,37248,33668,30904
32999,33007,32715,32867,34688,36712,35165,34180,33723,37248,33668,30904
32900,32983,32845,32829,34688,36712,35165,34180,33723,37248,33668,30904
32873,33022,32819,33049,34688,36712,35165,34180,33723,37248,33668,30904
32800,32998,32817,32879,34688,36712,35165,34180,33723,37248,33668,30904
32772,32864,32548,32493,34688,36712,35165,34180,33723,37248,33668,30904
32711,32965,32783,32647,34688,36712,35165,34180,33723,37248,33668,30904
32806,33081,32570,32761,34688,36712,35165,34180,33723,37248,33668,30904
32842,32941,32848,32732,34745,36720,35128,34208,33724,37220,33632,30957
32927,32791,32655,32775,34745,36720,35128,34208,33724,37220,33632,30957
32824,32751,32841,32796,34745,36720,35128,34208,33724,37220,33632,30957
32770,32791,32689,32806,34745,36720,35128,34208,33724,37220,33632,30957
32754,32762,32859,32678,34745,36720,35128,34208,33724,37220,33632,30957
32728,32880,32740,32773,34745,36720,35128,34208,33724,37220,33632,30957
32690,32807,32737,32950,34745,36720,35128,34208,33724,37220,33632,30957
32814,32791,32855,33045,34745,36720,35128,34208,33724,37220,33632,30957
32786,32710,32678,33029,34745,36720,35128,34208,33724,37220,33632,30957
32646,32727,32879,32847,34745,36720,35128,34208,33724,37220,33632,30957
32677,32751,32627,32825,34744,36740,35048,34272,33744,37248,33626,30948
32606,32747,32941,32727,34744,36740,35048,34272,33744,37248,33626,30948
32682,32826,32843,32742,34744,36740,35048,34272,33744,37248,33626,30948
32724,32805,32637,32843,34744,36740,35048,34272,33744,37248,33626,30948
32826,32841,32783,32861,34744,36740,35048,34272,33744,37248,33626,30948
32872,32858,32637,32726,34744,36740,35048,34272,33744,37248,33626,30948
32879,32899,32894,32750,34744,36740,35048,34272,33744,37248,33626,30948
32976,32823,32861,32745,34744,36740,35048,34272,33744,37248,33626,30948
32872,32797,32719,32732,34744,36740,35048,34272,33744,37248,33626,30948
32804,32871,32975,32973,34744,36740,35048,34272,33744,37248,33626,30948
32749,32954,32681,32867,34692,36722,35078,34156,33730,37264,33617,31000
32746,32895,32763,32832,34692,36722,35078,34156,33730,37264,33617,31000
32767,32911,32698,32911,34692,36722,35078,34156,33730,37264,33617,31000
32718,32855,32572,32770,34692,36722,35078,34156,33730,37264,33617,31000
32725,32854,32871,32807,34692,36722,35078,34156,33730,37264,33617,31000
32750,32767,32782,32821,34692,36722,35078,34156,33730,37264,33617,31000
32764,32810,32827,32775,34692,36722,35078,34156,33730,37264,33617,31000
32711,32859,32691,32837,34692,36722,35078,34156,33730,37264,33617,31000
32734,32686,32695,32665,34692,36722,35078,34156,33730,37264,33617,31000
32656,32654,32879,32522,34692,36722,35078,34156,33730,37264,33617,31000
32827,32667,32775,32623,34648,36720,35148,34298,33660,37269,33616,30985
32879,32690,32985,32703,34648,36720,35148,34298,33660,37269,33616,30985
32954,32734,32723,33012,34648,36720,35148,34298,33660,37269,33616,30985
33090,32765,32879,32869,34648,36720,35148,34298,33660,37269,33616,30985
32890,32791,32646,32795,34648,36720,35148,34298,33660,37269,33616,30985
32600,32803,32941,32807,34648,36720,35148,34298,33660,37269,33616,30985
32762,32805,32767,32780,34648,36720,35148,34298,33660,37269,33616,30985
32936,32737,32967,32806,34648,36720,35148,34298,33660,37269,33616,30985
33096,32741,32629,32755,34648,36720,35148,34298,33660,37269,33616,30985
33020,32823,32644,32819,34648,36720,35148,34298,33660,37269,33616,30985
32766,32722,32790,32834,34580,36718,35234,34120,33640,37240,33644,30888
32322,32725,32607,32813,34580,36718,35234,34120,33640,37240,33644,30888
32152,32742,32811,32795,34580,36718,35234,34120,33640,37240,33644,30888
32084,32703,32621,32679,34580,36718,35234,34120,33640,37240,33644,30888
32356,32725,32849,32707,34580,36718,35234,34120,33640,37240,33644,30888
32514,32823,32653,32722,34580,36718,35234,34120,33640,37240,33644,30888
32678,32848,32882,32853,34580,36718,35234,34120,33640,37240,33644,30888
32728,32869,32759,32869,34580,36718,35234,34120,33640,37240,33644,30888
32899,32933,32859,32890,34580,36718,35234,34120,33640,37240,33644,30888
33002,32895,32750,32831,34580,36718,35234,34120,33640,37240,33644,30888
33062,32863,32815,32866,34544,36708,35204,34281,33660,37276,33736,31020
33000,32825,32797,32678,34544,36708,35204,34281,33660,37276,33736,31020
32912,32737,32889,32843,34544,36708,35204,34281,33660,37276,33736,31020
32692,32748,32726,32775,34544,36708,35204,34281,33660,37276,33736,31020
32709,32791,32885,32775,34544,36708,35204,34281,33660,37276,33736,31020
32813,32882,32801,32775,34544,36708,35204,34281,33660,37276,33736,31020
32954,32813,32727,32903,34544,36708,35204,34281,33660,37276,33736,31020
32802,32743,32923,32879,34544,36708,35204,34281,33660,37276,33736,31020
32805,32711,32847,32751,34544,36708,35204,34281,33660,37276,33736,31020
32770,32729,32740,32743,34544,36708,35204,34281,33660,37276,33736,31020
32809,32731,32775,32783,34504,36648,35285,34153,33669,37259,33860,30992
32808,32775,32549,32884,34504,36648,35285,34153,33669,37259,33860,30992
32767,32766,32769,32822,34504,36648,35285,34153,33669,37259,33860,30992
32846,32775,32503,32802,34504,36648,35285,34153,33669,37259,33860,30992
32770,32839,32751,32805,34504,36648,35285,34153,33669,37259,33860,30992
32724,32951,32573,32763,34504,36648,35285,34153,33669,37259,33860,30992
32728,33005,32882,32743,34504,36648,35285,34153,33669,37259,33860,30992
32652,32925,32659,32775,34504,36648,35285,34153,33669,37259,33860,30992
32664,32854,32891,32768,34504,36648,35285,34153,33669,37259,33860,30992
32691,32775,32605,32747,34504,36648,35285,34153,33669,37259,33860,30992
32783,32876,32837,32740,34504,36604,35296,34116,33673,37232,33900,30964
33012,32843,32634,32699,34504,36604,35296,34116,33673,37232,33900,30964
32978,32839,32927,32893,34504,36604,35296,34116,33673,37232,33900,30964
32847,32786,32635,32785,34504,36604,35296,34116,33673,37232,33900,30964
32786,32799,33017,32867,34504,36604,35296,34116,33673,37232,33900,30964
32768,32751,32822,32795,34504,36604,35296,34116,33673,37232,33900,30964
32682,32674,32950,32783,34504,36604,35296,34116,33673,37232,33900,30964
32755,32707,32727,32751,34504,36604,35296,34116,33673,37232,33900,30964
32690,32763,32689,32731,34504,36604,35296,34116,33673,37232,33900,30964
32601,32811,32890,32836,34504,36604,35296,34116,33673,37232,33900,30964
32676,32759,32676,32823,34496,36574,35392,34244,33704,37216,34002,30920
32743,32831,32865,32775,34496,36574,35392,34244,33704,37216,34002,30920
32780,32870,32732,32833,34496,36574,35392,34244,33704,37216,34002,30920
32774,32858,32657,32821,34496,36574,35392,34244,33704,37216,34002,30920
32768,32863,32787,32805,34496,36574,35392,34244,33704,37216,34002,30920
32823,32792,32659,32805,34496,36574,35392,34244,33704,37216,34002,30920
32884,32750,32879,32855,34496,36574,35392,34244,33704,37216,34002,30920
32863,32823,32842,32719,34496,36574,35392,34244,33704,37216,34002,30920
32835,32818,32685,32805,34496,36574,35392,34244,33704,37216,34002,30920
32836,32791,32938,32743,34496,36574,35392,34244,33704,37216,34002,30920
32748,32763,32711,32735,34456,36530,35442,34132,33700,37202,34072,30912
32805,32786,32815,32727,34456,36530,35442,34132,33700,37202,34072,30912
32818,32759,32877,32709,34456,36530,35442,34132,33700,37202,34072,30912
32824,32807,32685,32871,34456,36530,35442,34132,33700,37202,34072,30912
32702,32943,32739,32853,34456,36530,35442,34132,33700,37202,34072,30912
32651,32837,32597,32678,34456,36530,35442,34132,33700,37202,34072,30912
32893,32857,32791,32791,34456,36530,35442,34132,33700,37202,34072,30912
32855,32848,32695,32735,34456,36530,35442,34132,33700,37202,34072,30912
32930,32835,32614,32849,34456,36530,35442,34132,33700,37202,34072,30912
33069,32714,32847,32817,34456,36530,35442,34132,33700,37202,34072,30912
32998,32750,32765,32735,34512,36481,35505,34216,33744,37204,34136,30968
32899,32767,32743,32728,34512,36481,35505,34216,33744,37204,34136,30968
32746,32733,33016,32869,34512,36481,35505,34216,33744,37204,34136,30968
32752,32763,32680,32845,34512,36481,35505,34216,33744,37204,34136,30968
32615,32692,32975,32805,34512,36481,35505,34216,33744,37204,34136,30968
32560,32735,32813,32819,34512,36481,35505,34216,33744,37204,34136,30968
32349,32677,32808,32789,34512,36481,35505,34216,33744,37204,34136,30968
32144,32783,32819,32775,34512,36481,35505,34216,33744,37204,34136,30968
32134,32826,32571,32830,34512,36481,35505,34216,33744,37204,34136,30968
32428,32885,32775,32762,34512,36481,35505,34216,33744,37204,34136,30968
32712,32797,32538,32855,34520,36483,35568,34288,33738,37186,34152,30948
32935,32856,32775,32867,34520,36483,35568,34288,33738,37186,34152,30948
33034,32923,32591,32710,34520,36483,35568,34288,33738,37186,34152,30948
32974,32879,32483,32749,34520,36483,35568,34288,33738,37186,34152,30948
32874,32839,32423,32795,34520,36483,35568,34288,33738,37186,34152,30948
32864,32806,32759,32767,34520,36483,35568,34288,33738,37186,34152,30948
32711,32823,33445,32838,34520,36483,35568,34288,33738,37186,34152,30948
32650,32809,32979,32807,34520,36483,35568,34288,33738,37186,34152,30948
32724,32768,32674,32851,34520,36483,35568,34288,33738,37186,34152,30948
32913,32840,32775,32827,34520,36483,35568,34288,33738,37186,34152,30948
33039,32855,32663,32594,34484,36484,35602,34285,33764,37200,34234,30962
33208,32806,33039,32817,34484,36484,35602,34285,33764,37200,34234,30962
32890,32837,32710,32820,34484,36484,35602,34285,33764,37200,34234,30962
32720,32784,32947,32818,34484,36484,35602,34285,33764,37200,34234,30962
32698,32797,32605,32815,34484,36484,35602,34285,33764,37200,34234,30962
32662,32868,32839,32758,34484,36484,35602,34285,33764,37200,34234,30962
32775,32866,32653,32821,34484,36484,35602,34285,33764,37200,34234,30962
32793,32791,32783,32839,34484,36484,35602,34285,33764,37200,34234,30962
32807,32763,32815,32759,34484,36484,35602,34285,33764,37200,34234,30962
32742,32767,32669,32679,34484,36484,35602,34285,33764,37200,34234,30962
32766,32741,33107,32678,34460,36456,35580,34282,33780,37213,34268,30896
32716,32751,32837,32711,34460,36456,35580,34282,33780,37213,34268,30896
32775,32921,32804,32797,34460,36456,35580,34282,33780,37213,34268,30896
32644,32835,32663,32794,34460,36456,35580,34282,33780,37213,34268,30896
32611,32795,32847,32975,34460,36456,35580,34282,33780,37213,34268,30896
32694,32752,32688,32909,34460,36456,35580,34282,33780,37213,34268,30896
32891,32743,32875,32943,34460,36456,35580,34282,33780,37213,34268,30896
32870,32813,32795,32816,34460,36456,35580,34282,33780,37213,34268,30896
32754,33031,32635,32799,34460,36456,35580,34282,33780,37213,34268,30896
32875,33206,32802,32898,34460,36456,35580,34282,33780,37213,34268,30896
32936,33035,32647,32673,34440,36452,35580,34146,33773,37194,34292,30932
32996,32898,32931,32669,34440,36452,35580,34146,33773,37194,34292,30932
32823,32811,32630,32831,34440,36452,35580,34146,33773,37194,34292,30932
32735,32770,32895,32792,34440,36452,35580,34146,33773,37194,34292,30932
32681,32722,32543,32891,34440,36452,35580,34146,33773,37194,34292,30932
32686,32706,32815,32820,34440,36452,35580,34146,33773,37194,34292,30932
32612,32721,32634,32903,34440,36452,35580,34146,33773,37194,34292,30932
32579,32719,32775,32899,34440,36452,35580,34146,33773,37194,34292,30932
32729,32759,32567,32775,34440,36452,35580,34146,33773,37194,34292,30932
32527,32809,32775,32851,34440,36452,35580,34146,33773,37194,34292,30932
32553,32735,32591,32724,34434,36432,35588,34208,33764,37188,34338,30840
32648,32730,32885,32838,34434,36432,35588,34208,33764,37188,34338,30840
32820,32758,32779,32793,34434,36432,35588,34208,33764,37188,34338,30840
32765,32759,32947,32663,34434,36432,35588,34208,33764,37188,34338,30840
32752,32818,32873,32793,34434,36432,35588,34208,33764,37188,34338,30840
32796,32837,32626,32766,34434,36432,35588,34208,33764,37188,34338,30840
32903,32857,32837,32742,34434,36432,35588,34208,33764,37188,34338,30840
32900,32859,32589,32704,34434,36432,35588,34208,33764,37188,34338,30840
32914,32861,32807,32723,34434,36432,35588,34208,33764,37188,34338,30840
32855,32845,32809,32774,34434,36432,35588,34208,33764,37188,34338,30840
32900,32955,32721,32802,34457,36424,35592,34248,33768,37220,34368,30855
32867,32893,32821,32721,34457,36424,35592,34248,33768,37220,34368,30855
32664,32770,32609,32768,34457,36424,35592,34248,33768,37220,34368,30855
32732,32756,32813,32722,34457,36424,35592,34248,33768,37220,34368,30855
32772,32725,32767,32667,34457,36424,35592,34248,33768,37220,34368,30855
32891,32794,33092,32737,34457,36424,35592,34248,33768,37220,34368,30855
32743,32743,32963,32678,34457,36424,35592,34248,33768,37220,34368,30855
32592,32841,32711,32785,34457,36424,35592,34248,33768,37220,34368,30855
32446,32822,32687,32712,34457,36424,35592,34248,33768,37220,34368,30855
32458,32785,32745,32736,34457,36424,35592,34248,33768,37220,34368,30855
32544,32797,32847,32759,34448,36424,35576,34265,33729,37196,34384,30904
32698,32788,32759,32700,34448,36424,35576,34265,33729,37196,34384,30904
32889,32849,32738,32833,34448,36424,35576,34265,33729,37196,34384,30904
33131,32818,32741,32740,34448,36424,35576,34265,33729,37196,34384,30904
33196,32813,32585,32681,34448,36424,35576,34265,33729,37196,34384,30904
33061,32807,32858,32807,34448,36424,35576,34265,33729,37196,34384,30904
32914,32782,32824,32749,34448,36424,35576,34265,33729,37196,34384,30904
32797,32818,32933,32806,34448,36424,35576,34265,33729,37196,34384,30904
32626,32812,32683,32809,34448,36424,35576,34265,33729,37196,34384,30904
32480,32823,32849,32748,34448,36424,35576,34265,33729,37196,34384,30904
32450,32876,32534,32829,34396,36424,35600,34252,33710,37192,34340,30834
32256,32845,32851,32733,34396,36424,35600,34252,33710,37192,34340,30834
32420,32871,32663,32815,34396,36424,35600,34252,33710,37192,34340,30834
32770,32796,32933,32851,34396,36424,35600,34252,33710,37192,34340,30834
32889,32758,32765,32841,34396,36424,35600,34252,33710,37192,34340,30834
32906,32775,32826,32845,34396,36424,35600,34252,33710,37192,34340,30834
32903,32770,32731,32747,34396,36424,35600,34252,33710,37192,34340,30834
32843,32725,32786,32901,34396,36424,35600,34252,33710,37192,34340,30834
32810,32722,32873,32834,34396,36424,35600,34252,33710,37192,34340,30834
32674,32847,32729,32894,34396,36424,35600,34252,33710,37192,34340,30834
32590,32839,32841,32909,34380,36436,35540,34204,33728,37184,34354,30880
32643,32763,32447,32821,34380,36436,35540,34204,33728,37184,34354,30880
32732,32759,32801,32812,34380,36436,35540,34204,33728,37184,34354,30880
32873,32727,32633,32767,34380,36436,35540,34204,33728,37184,34354,30880
33023,32800,32907,32818,34380,36436,35540,34204,33728,37184,34354,30880
33144,32886,32649,32769,34380,36436,35540,34204,33728,37184,34354,30880
33182,32898,32911,32742,34380,36436,35540,34204,33728,37184,34354,30880
33049,32756,32601,32729,34380,36436,35540,34204,33728,37184,34354,30880
32982,32803,32859,32751,34380,36436,35540,34204,33728,37184,34354,30880
32779,32815,32690,32893,34380,36436,35540,34204,33728,37184,34354,30880
32400,32853,32907,32815,34352,36442,35485,34285,33714,37152,34328,30818
32359,32871,32743,32906,34352,36442,35485,34285,33714,37152,34328,30818
32548,32873,32943,32838,34352,36442,35485,34285,33714,37152,34328,30818
32676,32865,32848,32734,34352,36442,35485,34285,33714,37152,34328,30818
32738,32882,32855,32830,34352,36442,35485,34285,33714,37152,34328,30818
32725,32825,32722,32762,34352,36442,35485,34285,33714,37152,34328,30818
32669,32897,32858,32770,34352,36442,35485,34285,33714,37152,34328,30818
32780,32847,32775,32787,34352,36442,35485,34285,33714,37152,34328,30818
32874,32900,32896,32811,34352,36442,35485,34285,33714,37152,34328,30818
32954,32903,32831,32806,34352,36442,35485,34285,33714,37152,34328,30818
32962,32835,33029,32815,34346,36466,35490,34311,33692,37212,34254,30832
32941,32854,32735,32847,34346,36466,35490,34311,33692,37212,34254,30832
32832,32797,32887,32849,34346,36466,35490,34311,33692,37212,34254,30832
32790,32775,32672,32807,34346,36466,35490,34311,33692,37212,34254,30832
32758,32765,32823,32871,34346,36466,35490,34311,33692,37212,34254,30832
32740,32855,32631,32800,34346,36466,35490,34311,33692,37212,34254,30832
32681,32739,32950,32786,34346,36466,35490,34311,33692,37212,34254,30832
32890,32743,32683,32825,34346,36466,35490,34311,33692,37212,34254,30832
32926,32737,32919,32839,34346,36466,35490,34311,33692,37212,34254,30832
32818,32722,32677,32775,34346,36466,35490,34311,33692,37212,34254,30832
