31684,30851,32683,32604,34256,36873,34712,33004,32114,37024,34401,29152
31790,30123,32711,32792,34256,36873,34712,33004,32114,37024,34401,29152
31450,28033,32617,33021,34256,36873,34712,33004,32114,37024,34401,29152
30965,31454,32612,33105,34256,36873,34712,33004,32114,37024,34401,29152
31784,34299,32900,33141,34256,36873,34712,33004,32114,37024,34401,29152
32648,33431,32758,33287,34256,36873,34712,33004,32114,37024,34401,29152
32929,33938,32587,33423,34256,36873,34712,33004,32114,37024,34401,29152
32910,33058,32647,33177,34256,36873,34712,33004,32114,37024,34401,29152
33318,32327,32775,32742,34256,36873,34712,33004,32114,37024,34401,29152
33102,31065,32989,32726,34256,36873,34712,33004,32114,37024,34401,29152
32585,26033,32915,32626,34242,36842,34552,32856,32112,37056,34288,29132
32336,32555,32835,32561,34242,36842,34552,32856,32112,37056,34288,29132
32792,35794,32758,32717,34242,36842,34552,32856,32112,37056,34288,29132
33295,33710,32953,32765,34242,36842,34552,32856,32112,37056,34288,29132
33467,32358,32923,32532,34242,36842,34552,32856,32112,37056,34288,29132
33711,34026,32747,32359,34242,36842,34552,32856,32112,37056,34288,29132
33572,33487,32485,32570,34242,36842,34552,32856,32112,37056,34288,29132
33944,33159,32680,32675,34242,36842,34552,32856,32112,37056,34288,29132
33444,31251,32867,32797,34242,36842,34552,32856,32112,37056,34288,29132
32891,31634,32885,32854,34242,36842,34552,32856,32112,37056,34288,29132
32149,32135,32728,32679,34264,36840,34276,32869,32168,36880,34132,29116
31714,31831,32673,32572,34264,36840,34276,32869,32168,36880,34132,29116
32425,31691,32657,32775,34264,36840,34276,32869,32168,36880,34132,29116
34016,32795,32698,32799,34264,36840,34276,32869,32168,36880,34132,29116
35276,33601,32716,32871,34264,36840,34276,32869,32168,36880,34132,29116
34176,34770,32933,32845,34264,36840,34276,32869,32168,36880,34132,29116
32507,35670,33030,32754,34264,36840,34276,32869,32168,36880,34132,29116
31300,37561,33089,32756,34264,36840,34276,32869,32168,36880,34132,29116
30829,35879,33047,32933,34264,36840,34276,32869,32168,36880,34132,29116
30807,30525,33091,32911,34264,36840,34276,32869,32168,36880,34132,29116
31288,28423,32547,32791,34290,36895,34185,33008,32150,36979,34016,29100
32030,30610,32183,32899,34290,36895,34185,33008,32150,36979,34016,29100
33348,31357,32530,33079,34290,36895,34185,33008,32150,36979,34016,29100
34064,30091,32807,32851,34290,36895,34185,33008,32150,36979,34016,29100
33316,30378,32739,32574,34290,36895,34185,33008,32150,36979,34016,29100
32365,32262,33001,32775,34290,36895,34185,33008,32150,36979,34016,29100
31850,32877,32893,32902,34290,36895,34185,33008,32150,36979,34016,29100
32151,33207,32947,32895,34290,36895,34185,33008,32150,36979,34016,29100
32509,33516,32895,32729,34290,36895,34185,33008,32150,36979,34016,29100
32796,33507,32823,32615,34290,36895,34185,33008,32150,36979,34016,29100
33022,32691,32741,32681,34348,37018,34129,32910,32097,37184,34029,29081
33071,32739,32599,32865,34348,37018,34129,32910,32097,37184,34029,29081
33050,33096,32839,32839,34348,37018,34129,32910,32097,37184,34029,29081
33252,33262,32815,32895,34348,37018,34129,32910,32097,37184,34029,29081
33628,33494,32692,32842,34348,37018,34129,32910,32097,37184,34029,29081
33240,33366,32602,32567,34348,37018,34129,32910,32097,37184,34029,29081
32199,33099,32687,32624,34348,37018,34129,32910,32097,37184,34029,29081
31825,32945,32853,32711,34348,37018,34129,32910,32097,37184,34029,29081
32150,32850,32775,32795,34348,37018,34129,32910,32097,37184,34029,29081
32178,32911,32759,32852,34348,37018,34129,32910,32097,37184,34029,29081
31796,32955,32802,32866,34456,37156,34140,32928,31956,37306,34122,29044
31606,32935,32929,32909,34456,37156,34140,32928,31956,37306,34122,29044
31989,32873,32960,32764,34456,37156,34140,32928,31956,37306,34122,29044
32352,32863,33006,32675,34456,37156,34140,32928,31956,37306,34122,29044
33008,32839,32835,32835,34456,37156,34140,32928,31956,37306,34122,29044
33890,32767,32551,32877,34456,37156,34140,32928,31956,37306,34122,29044
34690,32711,32731,32879,34456,37156,34140,32928,31956,37306,34122,29044
34780,32733,32624,32758,34456,37156,34140,32928,31956,37306,34122,29044
35288,32791,32690,32664,34456,37156,34140,32928,31956,37306,34122,29044
34712,32806,32897,32824,34456,37156,34140,32928,31956,37306,34122,29044
33698,32861,32844,32848,34460,37208,34256,32832,31840,37304,34208,29032
32464,32843,32790,32873,34460,37208,34256,32832,31840,37304,34208,29032
31891,32901,32879,32711,34460,37208,34256,32832,31840,37304,34208,29032
32396,32919,32816,32673,34460,37208,34256,32832,31840,37304,34208,29032
32767,32991,32775,32841,34460,37208,34256,32832,31840,37304,34208,29032
32784,32903,32866,32923,34460,37208,34256,32832,31840,37304,34208,29032
32424,32999,32775,32775,34460,37208,34256,32832,31840,37304,34208,29032
32487,33015,32634,32700,34460,37208,34256,32832,31840,37304,34208,29032
32738,32955,32629,32863,34460,37208,34256,32832,31840,37304,34208,29032
33101,32628,32719,32943,34460,37208,34256,32832,31840,37304,34208,29032
33311,32571,32949,32775,34374,37088,34408,32914,31857,37236,34372,29008
32966,32775,32992,32605,34374,37088,34408,32914,31857,37236,34372,29008
32204,32741,32915,32770,34374,37088,34408,32914,31857,37236,34372,29008
32015,32971,32736,32831,34374,37088,34408,32914,31857,37236,34372,29008
31773,33234,32647,32627,34374,37088,34408,32914,31857,37236,34372,29008
32045,32941,32519,32653,34374,37088,34408,32914,31857,37236,34372,29008
32328,32309,32698,32839,34374,37088,34408,32914,31857,37236,34372,29008
32085,31871,32924,32935,34374,37088,34408,32914,31857,37236,34372,29008
31749,32775,32858,32943,34374,37088,34408,32914,31857,37236,34372,29008
31746,31955,32823,32872,34374,37088,34408,32914,31857,37236,34372,29008
32254,31217,32711,32807,34204,37000,34528,32792,31868,37154,34488,28976
32465,30923,32799,32832,34204,37000,34528,32792,31868,37154,34488,28976
32326,31519,32804,32927,34204,37000,34528,32792,31868,37154,34488,28976
32058,31109,32811,32938,34204,37000,34528,32792,31868,37154,34488,28976
31812,33527,32835,32789,34204,37000,34528,32792,31868,37154,34488,28976
31054,35783,32948,32863,34204,37000,34528,32792,31868,37154,34488,28976
31139,36194,32565,32743,34204,37000,34528,32792,31868,37154,34488,28976
32281,35031,32464,32514,34204,37000,34528,32792,31868,37154,34488,28976
33075,34433,32695,32402,34204,37000,34528,32792,31868,37154,34488,28976
34141,33423,32690,32695,34204,37000,34528,32792,31868,37154,34488,28976
35231,32295,32742,32696,34048,36920,34686,32882,31864,37068,34628,28940
36437,32871,32839,32543,34048,36920,34686,32882,31864,37068,34628,28940
36773,32145,32941,32668,34048,36920,34686,32882,31864,37068,34628,28940
36004,32319,32884,32648,34048,36920,34686,32882,31864,37068,34628,28940
35001,33868,32787,32720,34048,36920,34686,32882,31864,37068,34628,28940
33740,33884,32632,32530,34048,36920,34686,32882,31864,37068,34628,28940
32637,33251,32719,32839,34048,36920,34686,32882,31864,37068,34628,28940
31532,33629,32863,33186,34048,36920,34686,32882,31864,37068,34628,28940
30893,31997,32775,33347,34048,36920,34686,32882,31864,37068,34628,28940
30540,30461,32679,33157,34048,36920,34686,32882,31864,37068,34628,28940
30930,24752,32618,32918,34002,36841,34800,32852,32076,37064,34874,28924
31474,28123,32420,32922,34002,36841,34800,32852,32076,37064,34874,28924
31730,34918,32547,32832,34002,36841,34800,32852,32076,37064,34874,28924
32998,37172,32602,32689,34002,36841,34800,32852,32076,37064,34874,28924
33527,37016,32849,32543,34002,36841,34800,32852,32076,37064,34874,28924
32704,35933,32915,32502,34002,36841,34800,32852,32076,37064,34874,28924
31956,32543,32925,32676,34002,36841,34800,32852,32076,37064,34874,28924
32226,32319,32954,32647,34002,36841,34800,32852,32076,37064,34874,28924
32918,32729,32768,32559,34002,36841,34800,32852,32076,37064,34874,28924
32659,30981,32745,32772,34002,36841,34800,32852,32076,37064,34874,28924
32251,31273,32804,32933,34068,36768,34866,32784,32122,37000,34978,28928
31997,31879,33009,32937,34068,36768,34866,32784,32122,37000,34978,28928
32344,32135,32940,32625,34068,36768,34866,32784,32122,37000,34978,28928
33252,33009,32882,32645,34068,36768,34866,32784,32122,37000,34978,28928
33091,33389,32818,32819,34068,36768,34866,32784,32122,37000,34978,28928
32604,33535,32701,32866,34068,36768,34866,32784,32122,37000,34978,28928
32553,34293,32708,32795,34068,36768,34866,32784,32122,37000,34978,28928
32726,33927,32717,32999,34068,36768,34866,32784,32122,37000,34978,28928
32168,32907,32851,33069,34068,36768,34866,32784,32122,37000,34978,28928
31614,31602,32967,32767,34068,36768,34866,32784,32122,37000,34978,28928
31872,31937,32746,32519,34144,36856,35052,32836,32140,37005,35044,28874
32691,32371,32823,32687,34144,36856,35052,32836,32140,37005,35044,28874
33141,32427,32862,32887,34144,36856,35052,32836,32140,37005,35044,28874
33373,32564,32873,32871,34144,36856,35052,32836,32140,37005,35044,28874
33142,32414,33023,32601,34144,36856,35052,32836,32140,37005,35044,28874
32803,32459,33001,32629,34144,36856,35052,32836,32140,37005,35044,28874
32985,32525,32418,32896,34144,36856,35052,32836,32140,37005,35044,28874
35103,32576,32328,32950,34144,36856,35052,32836,32140,37005,35044,28874
38797,32847,32494,32921,34144,36856,35052,32836,32140,37005,35044,28874
37968,32861,32847,32646,34144,36856,35052,32836,32140,37005,35044,28874
34837,32750,32930,32839,34196,36808,35128,32876,32240,37140,35146,28809
31791,32618,32594,32919,34196,36808,35128,32876,32240,37140,35146,28809
30318,32902,32573,32797,34196,36808,35128,32876,32240,37140,35146,28809
30978,33132,32823,32655,34196,36808,35128,32876,32240,37140,35146,28809
31200,32905,32815,32837,34196,36808,35128,32876,32240,37140,35146,28809
30729,32957,32775,32951,34196,36808,35128,32876,32240,37140,35146,28809
30511,32745,32541,32671,34196,36808,35128,32876,32240,37140,35146,28809
30788,33727,32620,32590,34196,36808,35128,32876,32240,37140,35146,28809
31473,34343,32646,32697,34196,36808,35128,32876,32240,37140,35146,28809
31049,33056,32733,32687,34196,36808,35128,32876,32240,37140,35146,28809
30738,32879,32749,32647,34233,36752,35172,32884,32260,37145,35212,28846
31739,32250,32807,32763,34233,36752,35172,32884,32260,37145,35212,28846
32764,30991,33011,33023,34233,36752,35172,32884,32260,37145,35212,28846
33264,31770,33060,33223,34233,36752,35172,32884,32260,37145,35212,28846
33886,32119,33070,33072,34233,36752,35172,32884,32260,37145,35212,28846
34874,33038,32887,32783,34233,36752,35172,32884,32260,37145,35212,28846
35145,33405,32931,32738,34233,36752,35172,32884,32260,37145,35212,28846
35024,30006,32963,32758,34233,36752,35172,32884,32260,37145,35212,28846
34987,28591,32623,32743,34233,36752,35172,32884,32260,37145,35212,28846
34012,30701,32516,32678,34233,36752,35172,32884,32260,37145,35212,28846
31954,32071,32713,32713,34158,36760,35316,32852,32225,37157,35290,28804
31429,34369,32763,32603,34158,36760,35316,32852,32225,37157,35290,28804
30676,35993,32662,32802,34158,36760,35316,32852,32225,37157,35290,28804
30534,35335,32631,32838,34158,36760,35316,32852,32225,37157,35290,28804
30392,36134,32715,32599,34158,36760,35316,32852,32225,37157,35290,28804
31319,35355,32747,32471,34158,36760,35316,32852,32225,37157,35290,28804
33148,33856,32785,32612,34158,36760,35316,32852,32225,37157,35290,28804
33752,32698,32674,32775,34158,36760,35316,32852,32225,37157,35290,28804
33548,32203,32535,32812,34158,36760,35316,32852,32225,37157,35290,28804
33700,32109,32643,32703,34158,36760,35316,32852,32225,37157,35290,28804
33692,32165,32711,32674,34116,36704,35360,32836,32192,37072,35384,28810
34238,32208,32868,32784,34116,36704,35360,32836,32192,37072,35384,28810
33448,32283,32805,32873,34116,36704,35360,32836,32192,37072,35384,28810
32173,32349,32553,32917,34116,36704,35360,32836,32192,37072,35384,28810
30194,32395,32661,32788,34116,36704,35360,32836,32192,37072,35384,28810
30542,32416,32806,32674,34116,36704,35360,32836,32192,37072,35384,28810
31872,32487,32884,32864,34116,36704,35360,32836,32192,37072,35384,28810
33501,32542,32934,32912,34116,36704,35360,32836,32192,37072,35384,28810
33441,32582,32911,32717,34116,36704,35360,32836,32192,37072,35384,28810
32549,32611,32724,32585,34116,36704,35360,32836,32192,37072,35384,28810
32647,32658,32607,32746,34196,36886,35338,32776,32224,37032,35300,28848
34051,32702,32697,32880,34196,36886,35338,32776,32224,37032,35300,28848
35001,32647,32741,32887,34196,36886,35338,32776,32224,37032,35300,28848
34722,32623,32763,32693,34196,36886,35338,32776,32224,37032,35300,28848
33686,32598,32678,32695,34196,36886,35338,32776,32224,37032,35300,28848
32686,32727,32818,32822,34196,36886,35338,32776,32224,37032,35300,28848
32911,32693,32809,32929,34196,36886,35338,32776,32224,37032,35300,28848
33360,32639,33031,32871,34196,36886,35338,32776,32224,37032,35300,28848
32628,32729,33167,32666,34196,36886,35338,32776,32224,37032,35300,28848
31980,32705,32981,32645,34196,36886,35338,32776,32224,37032,35300,28848
32741,33326,32702,32697,34344,36716,35126,32826,32332,37016,35074,28829
35018,33463,32662,32771,34344,36716,35126,32826,32332,37016,35074,28829
33796,32775,32795,32821,34344,36716,35126,32826,32332,37016,35074,28829
32061,32722,32890,32899,34344,36716,35126,32826,32332,37016,35074,28829
30923,32462,32959,32567,34344,36716,35126,32826,32332,37016,35074,28829
31104,31326,32727,32695,34344,36716,35126,32826,32332,37016,35074,28829
31932,32575,32351,33049,34344,36716,35126,32826,32332,37016,35074,28829
33272,33721,32459,33231,34344,36716,35126,32826,32332,37016,35074,28829
32864,34663,32727,32894,34344,36716,35126,32826,32332,37016,35074,28829
31185,33923,32794,32744,34344,36716,35126,32826,32332,37016,35074,28829
30712,33281,32710,32494,34660,36696,34848,32848,32607,37036,34853,28864
30866,32212,32775,32569,34660,36696,34848,32848,32607,37036,34853,28864
32752,31074,32758,32855,34660,36696,34848,32848,32607,37036,34853,28864
34220,32762,32732,32884,34660,36696,34848,32848,32607,37036,34853,28864
34626,32562,33170,32646,34660,36696,34848,32848,32607,37036,34853,28864
33735,31909,32951,32695,34660,36696,34848,32848,32607,37036,34853,28864
33600,32537,32639,32806,34660,36696,34848,32848,32607,37036,34853,28864
34729,32855,32611,32810,34660,36696,34848,32848,32607,37036,34853,28864
34151,32918,32903,32595,34660,36696,34848,32848,32607,37036,34853,28864
32360,32681,32775,32699,34660,36696,34848,32848,32607,37036,34853,28864
31704,32632,32731,32811,34780,36633,34732,32824,32552,37090,34636,28900
31852,32614,32965,32899,34780,36633,34732,32824,32552,37090,34636,28900
31992,32639,33039,32675,34780,36633,34732,32824,32552,37090,34636,28900
32258,32647,33094,32615,34780,36633,34732,32824,32552,37090,34636,28900
32256,32763,32975,32853,34780,36633,34732,32824,32552,37090,34636,28900
31908,32799,32671,32932,34780,36633,34732,32824,32552,37090,34636,28900
32661,32839,32468,32671,34780,36633,34732,32824,32552,37090,34636,28900
34424,32795,32635,32873,34780,36633,34732,32824,32552,37090,34636,28900
34057,32790,32723,32914,34780,36633,34732,32824,32552,37090,34636,28900
32978,32739,32719,32782,34780,36633,34732,32824,32552,37090,34636,28900
32302,32735,32700,32939,34732,36675,34632,32776,32364,37064,34568,28911
31686,32839,32884,32749,34732,36675,34632,32776,32364,37064,34568,28911
31674,33122,32939,32654,34732,36675,34632,32776,32364,37064,34568,28911
32047,33407,32939,32861,34732,36675,34632,32776,32364,37064,34568,28911
32176,32825,32941,32967,34732,36675,34632,32776,32364,37064,34568,28911
32108,32517,32921,32799,34732,36675,34632,32776,32364,37064,34568,28911
32123,32663,32922,32611,34732,36675,34632,32776,32364,37064,34568,28911
31354,32231,33111,32566,34732,36675,34632,32776,32364,37064,34568,28911
31524,31881,33174,32588,34732,36675,34632,32776,32364,37064,34568,28911
33136,32951,32900,32762,34732,36675,34632,32776,32364,37064,34568,28911
34463,33479,32607,32884,34608,36700,34621,32737,32100,37114,34576,28944
34916,33011,32937,33055,34608,36700,34621,32737,32100,37114,34576,28944
35005,32487,32701,33019,34608,36700,34621,32737,32100,37114,34576,28944
34003,33343,32481,32747,34608,36700,34621,32737,32100,37114,34576,28944
32568,33562,32425,32576,34608,36700,34621,32737,32100,37114,34576,28944
31981,32261,32438,32621,34608,36700,34621,32737,32100,37114,34576,28944
31756,29385,32576,32786,34608,36700,34621,32737,32100,37114,34576,28944
31760,32327,32868,32955,34608,36700,34621,32737,32100,37114,34576,28944
32656,34193,32738,32996,34608,36700,34621,32737,32100,37114,34576,28944
32734,33409,32883,32599,34608,36700,34621,32737,32100,37114,34576,28944
32548,34784,32942,32508,34364,36884,34764,32700,31852,37112,34600,28946
33395,34401,32783,32599,34364,36884,34764,32700,31852,37112,34600,28946
34120,32073,32786,32822,34364,36884,34764,32700,31852,37112,34600,28946
34212,32133,32836,32890,34364,36884,34764,32700,31852,37112,34600,28946
33277,33187,32935,32636,34364,36884,34764,32700,31852,37112,34600,28946
32353,33011,33048,32684,34364,36884,34764,32700,31852,37112,34600,28946
32084,32485,33037,32818,34364,36884,34764,32700,31852,37112,34600,28946
31988,32667,33152,32885,34364,36884,34764,32700,31852,37112,34600,28946
31915,32483,33113,32647,34364,36884,34764,32700,31852,37112,34600,28946
31895,32452,33065,32825,34364,36884,34764,32700,31852,37112,34600,28946
31469,32731,32919,32894,34120,37068,34704,32680,31768,37056,34680,28938
30840,32925,32767,32794,34120,37068,34704,32680,31768,37056,34680,28938
32091,33111,32729,32647,34120,37068,34704,32680,31768,37056,34680,28938
33376,33849,33011,32855,34120,37068,34704,32680,31768,37056,34680,28938
34697,33213,33132,32831,34120,37068,34704,32680,31768,37056,34680,28938
34604,32118,33025,32701,34120,37068,34704,32680,31768,37056,34680,28938
33464,30813,32811,32539,34120,37068,34704,32680,31768,37056,34680,28938
33192,28629,32290,32735,34120,37068,34704,32680,31768,37056,34680,28938
33618,28423,32508,32793,34120,37068,34704,32680,31768,37056,34680,28938
33586,30000,32884,32775,34120,37068,34704,32680,31768,37056,34680,28938
32865,33321,33197,33061,33896,37130,34880,32784,31716,37108,34752,28973
31698,36265,33109,33504,33896,37130,34880,32784,31716,37108,34752,28973
30410,31845,32966,33502,33896,37130,34880,32784,31716,37108,34752,28973
29430,32845,32736,33010,33896,37130,34880,32784,31716,37108,34752,28973
29714,36223,32795,32592,33896,37130,34880,32784,31716,37108,34752,28973
30665,39047,32800,32564,33896,37130,34880,32784,31716,37108,34752,28973
32324,38639,32716,32447,33896,37130,34880,32784,31716,37108,34752,28973
33646,34157,32774,32272,33896,37130,34880,32784,31716,37108,34752,28973
34438,31850,32737,32321,33896,37130,34880,32784,31716,37108,34752,28973
35004,33479,32790,32615,33896,37130,34880,32784,31716,37108,34752,28973
34949,32970,32642,32740,33698,37172,34844,32797,31640,37156,34796,28922
33702,32395,32618,32627,33698,37172,34844,32797,31640,37156,34796,28922
32681,32575,32958,32727,33698,37172,34844,32797,31640,37156,34796,28922
31982,32097,32966,32819,33698,37172,34844,32797,31640,37156,34796,28922
32533,31943,32902,32892,33698,37172,34844,32797,31640,37156,34796,28922
33066,32645,32487,32767,33698,37172,34844,32797,31640,37156,34796,28922
32988,32979,32444,32687,33698,37172,34844,32797,31640,37156,34796,28922
33418,30942,32566,32667,33698,37172,34844,32797,31640,37156,34796,28922
33988,29962,32595,32863,33698,37172,34844,32797,31640,37156,34796,28922
33825,30689,32572,32967,33698,37172,34844,32797,31640,37156,34796,28922
33749,31372,32804,32880,33620,37312,34844,32754,31638,37088,34760,28968
32648,31463,32993,32716,33620,37312,34844,32754,31638,37088,34760,28968
31975,32551,32998,32553,33620,37312,34844,32754,31638,37088,34760,28968
32478,32911,32747,32731,33620,37312,34844,32754,31638,37088,34760,28968
33376,32741,32426,32909,33620,37312,34844,32754,31638,37088,34760,28968
33444,33754,32631,32958,33620,37312,34844,32754,31638,37088,34760,28968
32792,34150,32847,32706,33620,37312,34844,32754,31638,37088,34760,28968
34176,33495,32910,32845,33620,37312,34844,32754,31638,37088,34760,28968
33851,31999,32935,32795,33620,37312,34844,32754,31638,37088,34760,28968
32626,32467,32847,32889,33620,37312,34844,32754,31638,37088,34760,28968
31622,31201,32541,32710,33546,37266,34856,32840,31664,37120,34672,28956
33191,29344,32558,32993,33546,37266,34856,32840,31664,37120,34672,28956
34296,34420,32682,33135,33546,37266,34856,32840,31664,37120,34672,28956
33810,33392,32873,32869,33546,37266,34856,32840,31664,37120,34672,28956
32736,33227,32768,32644,33546,37266,34856,32840,31664,37120,34672,28956
32053,32406,32708,32741,33546,37266,34856,32840,31664,37120,34672,28956
31980,33523,32671,32578,33546,37266,34856,32840,31664,37120,34672,28956
31881,33839,32767,32481,33546,37266,34856,32840,31664,37120,34672,28956
32620,33498,32753,32599,33546,37266,34856,32840,31664,37120,34672,28956
32165,33269,32827,32690,33546,37266,34856,32840,31664,37120,34672,28956
32256,33066,32823,32690,33684,37130,34796,32865,31640,37084,34676,28940
32046,32711,32802,32652,33684,37130,34796,32865,31640,37084,34676,28940
31837,32407,32806,32851,33684,37130,34796,32865,31640,37084,34676,28940
32234,32497,32804,32902,33684,37130,34796,32865,31640,37084,34676,28940
33432,32639,32671,32765,33684,37130,34796,32865,31640,37084,34676,28940
33834,32727,32573,32607,33684,37130,34796,32865,31640,37084,34676,28940
32865,32711,32613,32845,33684,37130,34796,32865,31640,37084,34676,28940
32178,32693,32829,32903,33684,37130,34796,32865,31640,37084,34676,28940
31891,32718,32799,32807,33684,37130,34796,32865,31640,37084,34676,28940
32022,32690,32838,32695,33684,37130,34796,32865,31640,37084,34676,28940
32594,32747,32561,32843,33885,37065,34616,32788,31800,37019,34648,28952
33602,32652,32439,32879,33885,37065,34616,32788,31800,37019,34648,28952
33354,32693,32678,32619,33885,37065,34616,32788,31800,37019,34648,28952
32577,32735,32726,32751,33885,37065,34616,32788,31800,37019,34648,28952
32429,32733,32823,32893,33885,37065,34616,32788,31800,37019,34648,28952
31970,32742,32775,32905,33885,37065,34616,32788,31800,37019,34648,28952
31575,32671,32399,32623,33885,37065,34616,32788,31800,37019,34648,28952
31833,32626,32386,32839,33885,37065,34616,32788,31800,37019,34648,28952
32346,32962,32469,32864,33885,37065,34616,32788,31800,37019,34648,28952
33030,33355,32628,32830,33885,37065,34616,32788,31800,37019,34648,28952
32887,32926,32730,32567,34036,36986,34628,32828,31881,37088,34672,28936
32435,32647,32850,32533,34036,36986,34628,32828,31881,37088,34672,28936
32105,32299,32799,32649,34036,36986,34628,32828,31881,37088,34672,28936
32126,31405,32812,32850,34036,36986,34628,32828,31881,37088,34672,28936
32597,30407,32683,33129,34036,36986,34628,32828,31881,37088,34672,28936
33052,32583,32637,33022,34036,36986,34628,32828,31881,37088,34672,28936
33237,33812,32485,32662,34036,36986,34628,32828,31881,37088,34672,28936
33472,34677,32671,32773,34036,36986,34628,32828,31881,37088,34672,28936
33498,33799,32819,32799,34036,36986,34628,32828,31881,37088,34672,28936
33568,33170,32757,32787,34036,36986,34628,32828,31881,37088,34672,28936
34949,33415,32771,32528,34217,36834,34628,32752,32028,37085,34756,28960
34678,32943,32753,32738,34217,36834,34628,32752,32028,37085,34756,28960
33659,32908,32766,32866,34217,36834,34628,32752,32028,37085,34756,28960
32472,32719,32724,32791,34217,36834,34628,32752,32028,37085,34756,28960
31782,32802,32681,32697,34217,36834,34628,32752,32028,37085,34756,28960
31724,32771,32603,32837,34217,36834,34628,32752,32028,37085,34756,28960
31969,32579,32645,32989,34217,36834,34628,32752,32028,37085,34756,28960
32566,32590,32695,32682,34217,36834,34628,32752,32028,37085,34756,28960
32750,32607,32766,32717,34217,36834,34628,32752,32028,37085,34756,28960
32761,32519,32822,32797,34217,36834,34628,32752,32028,37085,34756,28960
32507,32583,32841,32607,34416,36832,34552,32816,32160,37060,34784,28948
32106,32607,32839,32565,34416,36832,34552,32816,32160,37060,34784,28948
32348,32590,32766,32866,34416,36832,34552,32816,32160,37060,34784,28948
32274,32551,32745,33047,34416,36832,34552,32816,32160,37060,34784,28948
32166,32620,32726,32697,34416,36832,34552,32816,32160,37060,34784,28948
32483,32693,32662,32955,34416,36832,34552,32816,32160,37060,34784,28948
33170,32733,32775,32999,34416,36832,34552,32816,32160,37060,34784,28948
32983,32757,32927,32659,34416,36832,34552,32816,32160,37060,34784,28948
33477,32855,33081,32790,34416,36832,34552,32816,32160,37060,34784,28948
34758,32803,32939,32899,34416,36832,34552,32816,32160,37060,34784,28948
34574,32935,32733,32818,34329,36786,34640,32788,32160,37100,34866,28960
33966,32878,32694,32561,34329,36786,34640,32788,32160,37100,34866,28960
33852,32967,32547,32824,34329,36786,34640,32788,32160,37100,34866,28960
33197,32858,32335,32919,34329,36786,34640,32788,32160,37100,34866,28960
31846,32787,32383,32646,34329,36786,34640,32788,32160,37100,34866,28960
31200,32805,32439,32667,34329,36786,34640,32788,32160,37100,34866,28960
31814,32739,32719,32797,34329,36786,34640,32788,32160,37100,34866,28960
32168,32751,32871,32877,34329,36786,34640,32788,32160,37100,34866,28960
32340,32728,32696,32773,34329,36786,34640,32788,32160,37100,34866,28960
31912,32596,32743,32781,34329,36786,34640,32788,32160,37100,34866,28960
31451,32710,32669,32844,34236,36768,34786,32784,32126,37132,35016,28960
31519,32739,32823,32946,34236,36768,34786,32784,32126,37132,35016,28960
32020,32898,32909,32971,34236,36768,34786,32784,32126,37132,35016,28960
32327,32924,33062,32711,34236,36768,34786,32784,32126,37132,35016,28960
32623,32991,32861,32621,34236,36768,34786,32784,32126,37132,35016,28960
33080,32914,32719,32635,34236,36768,34786,32784,32126,37132,35016,28960
33096,32865,32585,32697,34236,36768,34786,32784,32126,37132,35016,28960
33873,32571,32816,32893,34236,36768,34786,32784,32126,37132,35016,28960
34675,32529,33062,32729,34236,36768,34786,32784,32126,37132,35016,28960
33873,32653,33067,32551,34236,36768,34786,32784,32126,37132,35016,28960
32994,32836,32839,32647,34192,36720,34885,32780,32056,37050,35096,28954
33389,32743,32883,32703,34192,36720,34885,32780,32056,37050,35096,28954
33092,32610,32851,32865,34192,36720,34885,32780,32056,37050,35096,28954
32472,32563,32699,33021,34192,36720,34885,32780,32056,37050,35096,28954
31852,32614,32597,32690,34192,36720,34885,32780,32056,37050,35096,28954
31671,32723,32543,33039,34192,36720,34885,32780,32056,37050,35096,28954
31599,32653,32775,33065,34192,36720,34885,32780,32056,37050,35096,28954
31664,32671,32773,32791,34192,36720,34885,32780,32056,37050,35096,28954
31916,32725,32501,32961,34192,36720,34885,32780,32056,37050,35096,28954
32350,32811,32658,32931,34192,36720,34885,32780,32056,37050,35096,28954
32696,32787,32853,32691,34080,36698,34928,32844,32032,37016,35124,28948
32878,32749,32847,32769,34080,36698,34928,32844,32032,37016,35124,28948
33088,32767,32694,32903,34080,36698,34928,32844,32032,37016,35124,28948
33519,32855,32807,32739,34080,36698,34928,32844,32032,37016,35124,28948
34007,32954,32939,32615,34080,36698,34928,32844,32032,37016,35124,28948
33879,32823,32908,32775,34080,36698,34928,32844,32032,37016,35124,28948
33387,32735,32898,32770,34080,36698,34928,32844,32032,37016,35124,28948
32906,32728,32768,32583,34080,36698,34928,32844,32032,37016,35124,28948
32740,32616,32759,32805,34080,36698,34928,32844,32032,37016,35124,28948
32748,32535,32775,32919,34080,36698,34928,32844,32032,37016,35124,28948
32800,32543,32747,32651,33840,36768,35008,32752,32016,37002,35078,28928
32735,32811,32797,32675,33840,36768,35008,32752,32016,37002,35078,28928
32678,32931,32879,32887,33840,36768,35008,32752,32016,37002,35078,28928
32530,32775,32977,32758,33840,36768,35008,32752,32016,37002,35078,28928
32681,32705,32892,32606,33840,36768,35008,32752,32016,37002,35078,28928
32728,32595,32759,32796,33840,36768,35008,32752,32016,37002,35078,28928
32815,32675,32799,32879,33840,36768,35008,32752,32016,37002,35078,28928
32775,32863,32500,32641,33840,36768,35008,32752,32016,37002,35078,28928
32550,32836,32591,32656,33840,36768,35008,32752,32016,37002,35078,28928
32033,32973,32801,32775,33840,36768,35008,32752,32016,37002,35078,28928
32025,33055,32895,32771,33688,36912,34896,32856,31852,36984,34920,28944
32310,32989,32901,32686,33688,36912,34896,32856,31852,36984,34920,28944
32344,32858,32859,32607,33688,36912,34896,32856,31852,36984,34920,28944
31935,32775,32691,32802,33688,36912,34896,32856,31852,36984,34920,28944
31925,32828,32621,32803,33688,36912,34896,32856,31852,36984,34920,28944
32208,32870,32747,32548,33688,36912,34896,32856,31852,36984,34920,28944
32135,32783,32800,32785,33688,36912,34896,32856,31852,36984,34920,28944
32768,32749,32889,32819,33688,36912,34896,32856,31852,36984,34920,28944
33723,32682,32720,32919,33688,36912,34896,32856,31852,36984,34920,28944
34568,32578,32763,32802,33688,36912,34896,32856,31852,36984,34920,28944
35170,32583,32851,32811,33604,37056,34762,32752,31774,36992,34696,28960
34305,32599,32795,32999,33604,37056,34762,32752,31774,36992,34696,28960
33163,32667,32795,32933,33604,37056,34762,32752,31774,36992,34696,28960
32862,32713,32789,32800,33604,37056,34762,32752,31774,36992,34696,28960
32552,32729,32695,32615,33604,37056,34762,32752,31774,36992,34696,28960
32343,32827,32599,32653,33604,37056,34762,32752,31774,36992,34696,28960
31802,32907,32555,32850,33604,37056,34762,32752,31774,36992,34696,28960
31464,32835,32493,32879,33604,37056,34762,32752,31774,36992,34696,28960
30777,32829,32867,32944,33604,37056,34762,32752,31774,36992,34696,28960
31508,32559,32870,33039,33604,37056,34762,32752,31774,36992,34696,28960
31942,32547,32775,32934,33684,37052,34676,32910,31788,37012,34568,28968
32495,32839,32937,32671,33684,37052,34676,32910,31788,37012,34568,28968
33116,32807,33043,32609,33684,37052,34676,32910,31788,37012,34568,28968
34500,32695,32903,32799,33684,37052,34676,32910,31788,37012,34568,28968
34902,32469,32640,32941,33684,37052,34676,32910,31788,37012,34568,28968
34394,32241,32759,32751,33684,37052,34676,32910,31788,37012,34568,28968
34574,32507,32830,32626,33684,37052,34676,32910,31788,37012,34568,28968
34481,32925,32911,32671,33684,37052,34676,32910,31788,37012,34568,28968
34687,33039,32972,32795,33684,37052,34676,32910,31788,37012,34568,28968
33601,33179,33038,32787,33684,37052,34676,32910,31788,37012,34568,28968
31922,32927,32719,32676,33737,37010,34520,32956,31842,37040,34460,29016
31148,32763,32711,32523,33737,37010,34520,32956,31842,37040,34460,29016
30953,32818,32843,32697,33737,37010,34520,32956,31842,37040,34460,29016
30799,32962,32960,32817,33737,37010,34520,32956,31842,37040,34460,29016
31453,32979,32940,32881,33737,37010,34520,32956,31842,37040,34460,29016
32069,32507,32823,33066,33737,37010,34520,32956,31842,37040,34460,29016
32401,32349,33017,32983,33737,37010,34520,32956,31842,37040,34460,29016
33724,32518,32980,32866,33737,37010,34520,32956,31842,37040,34460,29016
33857,32595,32549,32818,33737,37010,34520,32956,31842,37040,34460,29016
33596,32731,32411,32855,33737,37010,34520,32956,31842,37040,34460,29016
33628,32711,32511,32895,33748,37096,34378,32954,31752,37048,34360,29028
33024,32747,32691,32713,33748,37096,34378,32954,31752,37048,34360,29028
32616,32805,32752,32667,33748,37096,34378,32954,31752,37048,34360,29028
31882,32868,32775,32819,33748,37096,34378,32954,31752,37048,34360,29028
31075,32805,32750,32877,33748,37096,34378,32954,31752,37048,34360,29028
30894,32754,32670,32871,33748,37096,34378,32954,31752,37048,34360,29028
31415,32775,32818,32580,33748,37096,34378,32954,31752,37048,34360,29028
31772,32867,32926,32543,33748,37096,34378,32954,31752,37048,34360,29028
32389,32929,32866,32686,33748,37096,34378,32954,31752,37048,34360,29028
33428,32771,32785,32877,33748,37096,34378,32954,31752,37048,34360,29028
33904,32671,32910,32927,33778,37052,34388,32968,31772,37056,34362,29046
33788,32951,33005,32875,33778,37052,34388,32968,31772,37056,34362,29046
33406,33011,32822,32763,33778,37052,34388,32968,31772,37056,34362,29046
33150,32907,32863,32598,33778,37052,34388,32968,31772,37056,34362,29046
32929,32517,32679,32871,33778,37052,34388,32968,31772,37056,34362,29046
33086,32745,32850,32765,33778,37052,34388,32968,31772,37056,34362,29046
33022,33275,32935,32641,33778,37052,34388,32968,31772,37056,34362,29046
32903,33268,32877,32808,33778,37052,34388,32968,31772,37056,34362,29046
32685,32768,32729,32932,33778,37052,34388,32968,31772,37056,34362,29046
33640,32236,32807,32845,33778,37052,34388,32968,31772,37056,34362,29046
33668,32519,32722,32702,33848,37048,34354,33000,31844,36988,34320,29077
32812,32993,32623,32314,33848,37048,34354,33000,31844,36988,34320,29077
31997,33100,32791,32261,33848,37048,34354,33000,31844,36988,34320,29077
31514,32546,32890,32749,33848,37048,34354,33000,31844,36988,34320,29077
31635,32525,32885,33107,33848,37048,34354,33000,31844,36988,34320,29077
31922,32791,32762,33232,33848,37048,34354,33000,31844,36988,34320,29077
32305,32978,32614,33142,33848,37048,34354,33000,31844,36988,34320,29077
32605,32823,32800,32973,33848,37048,34354,33000,31844,36988,34320,29077
32738,32695,32888,32719,33848,37048,34354,33000,31844,36988,34320,29077
32920,32617,32603,32647,33848,37048,34354,33000,31844,36988,34320,29077
33456,32508,32587,33031,33856,36984,34392,32996,31832,37040,34372,29080
33769,32504,32839,33039,33856,36984,34392,32996,31832,37040,34372,29080
34054,32547,32987,32916,33856,36984,34392,32996,31832,37040,34372,29080
33813,32611,32911,32771,33856,36984,34392,32996,31832,37040,34372,29080
33490,32647,32807,32767,33856,36984,34392,32996,31832,37040,34372,29080
33395,32694,32791,32621,33856,36984,34392,32996,31832,37040,34372,29080
33409,32709,32927,32679,33856,36984,34392,32996,31832,37040,34372,29080
33006,32668,32929,32877,33856,36984,34392,32996,31832,37040,34372,29080
32615,32711,32823,32951,33856,36984,34392,32996,31832,37040,34372,29080
32492,32741,32827,32760,33856,36984,34392,32996,31832,37040,34372,29080
32238,32787,32782,32599,33928,36956,34490,32899,31916,37080,34404,29088
32195,32768,32699,32571,33928,36956,34490,32899,31916,37080,34404,29088
32102,32747,32683,32761,33928,36956,34490,32899,31916,37080,34404,29088
32341,32826,32809,32916,33928,36956,34490,32899,31916,37080,34404,29088
32459,32911,32833,32770,33928,36956,34490,32899,31916,37080,34404,29088
32562,32869,32781,32687,33928,36956,34490,32899,31916,37080,34404,29088
32633,32841,32799,32765,33928,36956,34490,32899,31916,37080,34404,29088
32639,32880,32695,32809,33928,36956,34490,32899,31916,37080,34404,29088
32624,32797,32881,32757,33928,36956,34490,32899,31916,37080,34404,29088
32680,32893,32819,32527,33928,36956,34490,32899,31916,37080,34404,29088
32839,33075,32809,32246,33896,36992,34484,32940,31896,37044,34442,29112
32710,33053,32698,31790,33896,36992,34484,32940,31896,37044,34442,29112
32724,32899,32724,31995,33896,36992,34484,32940,31896,37044,34442,29112
32838,32814,32898,32426,33896,36992,34484,32940,31896,37044,34442,29112
32928,32519,32863,33269,33896,36992,34484,32940,31896,37044,34442,29112
32606,32217,32851,33810,33896,36992,34484,32940,31896,37044,34442,29112
31992,32055,32647,33674,33896,36992,34484,32940,31896,37044,34442,29112
31467,32253,32580,33225,33896,36992,34484,32940,31896,37044,34442,29112
32134,32529,32708,33014,33896,36992,34484,32940,31896,37044,34442,29112
32328,32614,32714,32795,33896,36992,34484,32940,31896,37044,34442,29112
32594,32877,32893,32199,33814,37014,34456,32912,31802,37026,34386,29144
32625,32785,32911,32363,33814,37014,34456,32912,31802,37026,34386,29144
33066,32704,32903,32863,33814,37014,34456,32912,31802,37026,34386,29144
33608,32737,32905,33405,33814,37014,34456,32912,31802,37026,34386,29144
34311,32751,32914,33426,33814,37014,34456,32912,31802,37026,34386,29144
35127,32775,32604,33170,33814,37014,34456,32912,31802,37026,34386,29144
34708,32711,32526,32853,33814,37014,34456,32912,31802,37026,34386,29144
33456,32804,32527,32641,33814,37014,34456,32912,31802,37026,34386,29144
32701,32934,32775,32671,33814,37014,34456,32912,31802,37026,34386,29144
32648,32957,32850,32783,33814,37014,34456,32912,31802,37026,34386,29144
32500,33020,33007,32647,33836,36957,34604,33002,31896,37072,34560,29096
32556,33026,32913,32561,33836,36957,34604,33002,31896,37072,34560,29096
32564,32943,32761,32745,33836,36957,34604,33002,31896,37072,34560,29096
32575,32891,32753,32805,33836,36957,34604,33002,31896,37072,34560,29096
32235,32911,32791,32531,33836,36957,34604,33002,31896,37072,34560,29096
32454,32821,32681,32604,33836,36957,34604,33002,31896,37072,34560,29096
33027,32905,32791,32775,33836,36957,34604,33002,31896,37072,34560,29096
33396,32877,32834,32861,33836,36957,34604,33002,31896,37072,34560,29096
33380,32763,32802,32832,33836,36957,34604,33002,31896,37072,34560,29096
33658,32735,32803,32623,33836,36957,34604,33002,31896,37072,34560,29096
33558,32745,32731,32564,33904,36888,34710,32940,31918,37040,34692,29156
33110,32735,32740,32804,33904,36888,34710,32940,31918,37040,34692,29156
32376,32799,32889,32909,33904,36888,34710,32940,31918,37040,34692,29156
31610,32767,32940,32903,33904,36888,34710,32940,31918,37040,34692,29156
30884,32827,32911,32688,33904,36888,34710,32940,31918,37040,34692,29156
30581,32783,32855,32877,33904,36888,34710,32940,31918,37040,34692,29156
30775,32871,32699,32759,33904,36888,34710,32940,31918,37040,34692,29156
31036,32687,32742,32762,33904,36888,34710,32940,31918,37040,34692,29156
31595,32631,32895,32553,33904,36888,34710,32940,31918,37040,34692,29156
32570,32717,32898,32464,33904,36888,34710,32940,31918,37040,34692,29156
33250,32769,32819,32574,33968,36852,34660,33014,31960,36960,34604,29136
33580,32745,32775,32506,33968,36852,34660,33014,31960,36960,34604,29136
33584,32721,32662,32447,33968,36852,34660,33014,31960,36960,34604,29136
33622,32623,32615,33120,33968,36852,34660,33014,31960,36960,34604,29136
33462,32471,32767,33362,33968,36852,34660,33014,31960,36960,34604,29136
33280,32583,32902,33147,33968,36852,34660,33014,31960,36960,34604,29136
32759,32615,32821,32867,33968,36852,34660,33014,31960,36960,34604,29136
32698,32689,32817,32831,33968,36852,34660,33014,31960,36960,34604,29136
32460,32704,32555,32879,33968,36852,34660,33014,31960,36960,34604,29136
32276,32694,32505,32827,33968,36852,34660,33014,31960,36960,34604,29136
32592,32641,32805,32700,34052,36794,34554,32861,32096,36916,34564,29196
32914,32731,32799,32610,34052,36794,34554,32861,32096,36916,34564,29196
33005,32839,32577,32806,34052,36794,34554,32861,32096,36916,34564,29196
33323,32834,32743,32887,34052,36794,34554,32861,32096,36916,34564,29196
33253,32775,32886,32631,34052,36794,34554,32861,32096,36916,34564,29196
33020,32799,32775,32579,34052,36794,34554,32861,32096,36916,34564,29196
33277,32655,32775,32681,34052,36794,34554,32861,32096,36916,34564,29196
32937,32639,32814,32829,34052,36794,34554,32861,32096,36916,34564,29196
32656,32619,32935,32876,34052,36794,34554,32861,32096,36916,34564,29196
32836,32643,32863,32638,34052,36794,34554,32861,32096,36916,34564,29196
32947,32722,32847,32775,34184,36720,34648,32904,32168,36952,34592,29170
32740,32855,32771,32937,34184,36720,34648,32904,32168,36952,34592,29170
32427,32685,32662,32971,34184,36720,34648,32904,32168,36952,34592,29170
32371,32713,32639,32759,34184,36720,34648,32904,32168,36952,34592,29170
32452,32759,32811,32627,34184,36720,34648,32904,32168,36952,34592,29170
32649,32879,32818,32723,34184,36720,34648,32904,32168,36952,34592,29170
32707,32927,32815,32911,34184,36720,34648,32904,32168,36952,34592,29170
32789,32927,32865,32885,34184,36720,34648,32904,32168,36952,34592,29170
32841,32918,32807,32637,34184,36720,34648,32904,32168,36952,34592,29170
32982,32900,32775,32589,34184,36720,34648,32904,32168,36952,34592,29170
32916,32891,32737,32731,34252,36730,34610,32860,32176,37008,34512,29188
32674,32850,32885,32819,34252,36730,34610,32860,32176,37008,34512,29188
32497,32929,32866,32681,34252,36730,34610,32860,32176,37008,34512,29188
32428,32927,32848,32464,34252,36730,34610,32860,32176,37008,34512,29188
32416,32833,32827,32763,34252,36730,34610,32860,32176,37008,34512,29188
32502,32735,32775,33006,34252,36730,34610,32860,32176,37008,34512,29188
32530,32655,32795,32775,34252,36730,34610,32860,32176,37008,34512,29188
32932,32575,32747,32797,34252,36730,34610,32860,32176,37008,34512,29188
34163,32527,32878,32947,34252,36730,34610,32860,32176,37008,34512,29188
33932,32659,32932,33107,34252,36730,34610,32860,32176,37008,34512,29188
33363,32909,32803,33061,34276,36746,34564,32836,32146,36992,34520,29192
33014,32973,32743,33038,34276,36746,34564,32836,32146,36992,34520,29192
32462,32858,32682,32982,34276,36746,34564,32836,32146,36992,34520,29192
32158,32743,32693,32726,34276,36746,34564,32836,32146,36992,34520,29192
32060,32675,32735,32614,34276,36746,34564,32836,32146,36992,34520,29192
32204,32239,32770,32657,34276,36746,34564,32836,32146,36992,34520,29192
32250,32179,32759,32815,34276,36746,34564,32836,32146,36992,34520,29192
32401,33004,32746,32963,34276,36746,34564,32836,32146,36992,34520,29192
32279,33091,32695,32981,34276,36746,34564,32836,32146,36992,34520,29192
32412,33188,32714,32899,34276,36746,34564,32836,32146,36992,34520,29192
32621,33559,32763,33095,34288,36776,34533,32972,32156,37018,34546,29216
32858,33647,32803,32994,34288,36776,34533,32972,32156,37018,34546,29216
32894,33313,32829,32418,34288,36776,34533,32972,32156,37018,34546,29216
32879,33118,32769,31763,34288,36776,34533,32972,32156,37018,34546,29216
32964,32891,32705,31710,34288,36776,34533,32972,32156,37018,34546,29216
32891,32721,32766,31561,34288,36776,34533,32972,32156,37018,34546,29216
32860,32797,32818,31252,34288,36776,34533,32972,32156,37018,34546,29216
32902,32743,32895,31120,34288,36776,34533,32972,32156,37018,34546,29216
32898,32499,32819,31739,34288,36776,34533,32972,32156,37018,34546,29216
32876,32037,32698,32741,34288,36776,34533,32972,32156,37018,34546,29216
32791,31611,32647,34695,34340,36770,34532,32816,32128,37008,34656,29190
32882,31947,32703,35997,34340,36770,34532,32816,32128,37008,34656,29190
32838,32220,32799,35485,34340,36770,34532,32816,32128,37008,34656,29190
32818,32284,32823,33973,34340,36770,34532,32816,32128,37008,34656,29190
32804,32283,32898,33489,34340,36770,34532,32816,32128,37008,34656,29190
32871,32493,32717,33061,34340,36770,34532,32816,32128,37008,34656,29190
32802,32767,32738,32773,34340,36770,34532,32816,32128,37008,34656,29190
32850,33094,32701,32183,34340,36770,34532,32816,32128,37008,34656,29190
32841,33219,32879,31855,34340,36770,34532,32816,32128,37008,34656,29190
32869,33165,32879,32015,34340,36770,34532,32816,32128,37008,34656,29190
32856,33079,32834,32293,34308,36763,34668,32816,32226,37056,34716,29208
32816,33053,32839,32177,34308,36763,34668,32816,32226,37056,34716,29208
32772,33217,32726,32155,34308,36763,34668,32816,32226,37056,34716,29208
32779,33071,32703,32458,34308,36763,34668,32816,32226,37056,34716,29208
32816,32811,32852,32873,34308,36763,34668,32816,32226,37056,34716,29208
32802,32718,32955,32859,34308,36763,34668,32816,32226,37056,34716,29208
32806,32903,32851,32482,34308,36763,34668,32816,32226,37056,34716,29208
32775,32887,32791,32637,34308,36763,34668,32816,32226,37056,34716,29208
32804,32775,32711,33287,34308,36763,34668,32816,32226,37056,34716,29208
32798,32847,32868,32648,34308,36763,34668,32816,32226,37056,34716,29208
32794,33063,32901,32371,34362,36796,34721,32908,32297,37104,34728,29224
32775,33083,32878,31430,34362,36796,34721,32908,32297,37104,34728,29224
32773,33079,32771,31879,34362,36796,34721,32908,32297,37104,34728,29224
32782,33181,32659,33296,34362,36796,34721,32908,32297,37104,34728,29224
32707,32979,32655,33350,34362,36796,34721,32908,32297,37104,34728,29224
32775,32933,32755,32386,34362,36796,34721,32908,32297,37104,34728,29224
32747,32876,32845,31877,34362,36796,34721,32908,32297,37104,34728,29224
32775,32838,32750,31319,34362,36796,34721,32908,32297,37104,34728,29224
32769,32289,32602,33160,34362,36796,34721,32908,32297,37104,34728,29224
32759,31590,32627,37185,34362,36796,34721,32908,32297,37104,34728,29224
32826,31387,32846,37831,34324,36816,34688,32944,32304,37100,34688,29232
32818,31687,32859,34392,34324,36816,34688,32944,32304,37100,34688,29232
32829,32455,32825,33175,34324,36816,34688,32944,32304,37100,34688,29232
32825,32831,32833,32718,34324,36816,34688,32944,32304,37100,34688,29232
32841,32935,32843,32375,34324,36816,34688,32944,32304,37100,34688,29232
32848,32879,32701,32279,34324,36816,34688,32944,32304,37100,34688,29232
32753,32860,32742,32543,34324,36816,34688,32944,32304,37100,34688,29232
32795,32951,32883,32563,34324,36816,34688,32944,32304,37100,34688,29232
32739,32903,32871,32279,34324,36816,34688,32944,32304,37100,34688,29232
32715,33077,32859,31887,34324,36816,34688,32944,32304,37100,34688,29232
32724,33077,32759,31739,34272,36861,34652,32912,32300,37140,34632,29228
32709,33029,32743,31807,34272,36861,34652,32912,32300,37140,34632,29228
32699,33023,32870,32013,34272,36861,34652,32912,32300,37140,34632,29228
32856,32979,32859,32325,34272,36861,34652,32912,32300,37140,34632,29228
32901,32960,32816,32295,34272,36861,34652,32912,32300,37140,34632,29228
32825,33023,32746,32023,34272,36861,34652,32912,32300,37140,34632,29228
32842,33237,32748,32317,34272,36861,34652,32912,32300,37140,34632,29228
32840,33142,32926,33122,34272,36861,34652,32912,32300,37140,34632,29228
32785,32992,32819,33231,34272,36861,34652,32912,32300,37140,34632,29228
32730,32802,32742,33527,34272,36861,34652,32912,32300,37140,34632,29228
32728,32678,32545,33933,34212,36968,34536,32752,32170,37134,34469,29228
32683,32615,32691,32851,34212,36968,34536,32752,32170,37134,34469,29228
32534,32788,32834,32259,34212,36968,34536,32752,32170,37134,34469,29228
32466,32988,32859,32747,34212,36968,34536,32752,32170,37134,34469,29228
32814,33159,32633,33083,34212,36968,34536,32752,32170,37134,34469,29228
32868,33214,32525,33078,34212,36968,34536,32752,32170,37134,34469,29228
32548,33189,32631,32707,34212,36968,34536,32752,32170,37134,34469,29228
32354,33221,33147,32790,34212,36968,34536,32752,32170,37134,34469,29228
32530,33202,33287,32903,34212,36968,34536,32752,32170,37134,34469,29228
32832,33239,32879,33010,34212,36968,34536,32752,32170,37134,34469,29228
33194,32647,32770,32701,34124,36922,34528,32800,32073,37126,34548,29252
33383,32769,32591,31967,34124,36922,34528,32800,32073,37126,34548,29252
33283,32997,32732,30991,34124,36922,34528,32800,32073,37126,34548,29252
33285,32706,32843,30315,34124,36922,34528,32800,32073,37126,34548,29252
33201,32331,32796,30743,34124,36922,34528,32800,32073,37126,34548,29252
32774,32440,32775,30917,34124,36922,34528,32800,32073,37126,34548,29252
32432,32515,32524,30243,34124,36922,34528,32800,32073,37126,34548,29252
32461,32359,32527,30271,34124,36922,34528,32800,32073,37126,34548,29252
32541,32327,32964,31601,34124,36922,34528,32800,32073,37126,34548,29252
32563,32579,33146,34515,34124,36922,34528,32800,32073,37126,34548,29252
32709,32555,32842,36187,34144,36792,34540,32863,32036,37054,34685,29256
32688,32106,32575,37791,34144,36792,34540,32863,32036,37054,34685,29256
32656,31635,32493,38303,34144,36792,34540,32863,32036,37054,34685,29256
32705,31678,32579,35383,34144,36792,34540,32863,32036,37054,34685,29256
32748,32089,32750,32942,34144,36792,34540,32863,32036,37054,34685,29256
32768,32472,32942,32613,34144,36792,34540,32863,32036,37054,34685,29256
32750,32712,33230,32487,34144,36792,34540,32863,32036,37054,34685,29256
32770,32974,33055,32012,34144,36792,34540,32863,32036,37054,34685,29256
32728,33027,33037,31975,34144,36792,34540,32863,32036,37054,34685,29256
32775,32855,32848,32359,34144,36792,34540,32863,32036,37054,34685,29256
32804,32687,32920,32341,34238,36658,34504,32733,32204,36948,34746,29264
32768,32605,33039,32903,34238,36658,34504,32733,32204,36948,34746,29264
32732,32687,32793,33465,34238,36658,34504,32733,32204,36948,34746,29264
32790,32851,32518,34606,34238,36658,34504,32733,32204,36948,34746,29264
32687,33257,32073,34823,34238,36658,34504,32733,32204,36948,34746,29264
32724,33623,31929,34631,34238,36658,34504,32733,32204,36948,34746,29264
32694,33619,31995,32500,34238,36658,34504,32733,32204,36948,34746,29264
32701,33623,32251,29237,34238,36658,34504,32733,32204,36948,34746,29264
32694,33819,32723,29531,34238,36658,34504,32733,32204,36948,34746,29264
32718,33791,32540,30087,34238,36658,34504,32733,32204,36948,34746,29264
32657,33572,32695,27206,34452,36596,34536,32752,32504,37014,34796,29264
32714,33659,33669,25515,34452,36596,34536,32752,32504,37014,34796,29264
32770,33237,33830,28267,34452,36596,34536,32752,32504,37014,34796,29264
32813,32176,33746,31044,34452,36596,34536,32752,32504,37014,34796,29264
32826,31119,33769,30566,34452,36596,34536,32752,32504,37014,34796,29264
32740,31518,33658,30459,34452,36596,34536,32752,32504,37014,34796,29264
32714,31813,33266,32765,34452,36596,34536,32752,32504,37014,34796,29264
32754,31783,33131,35427,34452,36596,34536,32752,32504,37014,34796,29264
32797,32231,32987,39257,34452,36596,34536,32752,32504,37014,34796,29264
32738,32452,32407,43754,34452,36596,34536,32752,32504,37014,34796,29264
32712,32116,32339,45897,34635,36480,34645,32682,32660,36980,34624,29264
32748,32009,32407,41979,34635,36480,34645,32682,32660,36980,34624,29264
32735,32315,32484,36667,34635,36480,34645,32682,32660,36980,34624,29264
32781,32590,32553,35240,34635,36480,34645,32682,32660,36980,34624,29264
32744,32955,32661,33862,34635,36480,34645,32682,32660,36980,34624,29264
32722,32355,32707,34353,34635,36480,34645,32682,32660,36980,34624,29264
32711,31781,32364,31086,34635,36480,34645,32682,32660,36980,34624,29264
32594,32216,32292,29937,34635,36480,34645,32682,32660,36980,34624,29264
32626,32427,32627,30925,34635,36480,34645,32682,32660,36980,34624,29264
32708,32877,32507,29590,34635,36480,34645,32682,32660,36980,34624,29264
32694,33148,31942,28722,34632,36504,34618,32600,32688,37040,34616,29284
32694,33439,31831,27899,34632,36504,34618,32600,32688,37040,34616,29284
32739,33603,32198,28382,34632,36504,34618,32600,32688,37040,34616,29284
32763,33571,32599,30521,34632,36504,34618,32600,32688,37040,34616,29284
32815,33595,32985,31689,34632,36504,34618,32600,32688,37040,34616,29284
32779,33829,32938,29286,34632,36504,34618,32600,32688,37040,34616,29284
32784,34101,32175,27497,34632,36504,34618,32600,32688,37040,34616,29284
32760,34266,32128,28103,34632,36504,34618,32600,32688,37040,34616,29284
32768,34034,33373,30082,34632,36504,34618,32600,32688,37040,34616,29284
32840,33599,34905,32869,34632,36504,34618,32600,32688,37040,34616,29284
32780,32391,34519,31397,34602,36760,34531,32704,32469,37080,34576,29292
32819,32331,33357,31183,34602,36760,34531,32704,32469,37080,34576,29292
32812,33165,32878,34338,34602,36760,34531,32704,32469,37080,34576,29292
32814,32574,32681,38951,34602,36760,34531,32704,32469,37080,34576,29292
32830,31813,33200,37701,34602,36760,34531,32704,32469,37080,34576,29292
32883,31745,32865,37627,34602,36760,34531,32704,32469,37080,34576,29292
32860,32167,32557,36599,34602,36760,34531,32704,32469,37080,34576,29292
32830,32669,32615,33863,34602,36760,34531,32704,32469,37080,34576,29292
32782,32681,32662,32711,34602,36760,34531,32704,32469,37080,34576,29292
32768,32703,32803,32721,34602,36760,34531,32704,32469,37080,34576,29292
32678,32548,32625,35013,34336,37000,34503,32677,32088,37192,34540,29292
32730,31733,32402,37504,34336,37000,34503,32677,32088,37192,34540,29292
32689,31583,32229,38449,34336,37000,34503,32677,32088,37192,34540,29292
32634,31583,33362,33541,34336,37000,34503,32677,32088,37192,34540,29292
32638,32099,32831,31937,34336,37000,34503,32677,32088,37192,34540,29292
32628,32095,32135,31994,34336,37000,34503,32677,32088,37192,34540,29292
32612,32095,31529,31149,34336,37000,34503,32677,32088,37192,34540,29292
32638,32683,31202,30717,34336,37000,34503,32677,32088,37192,34540,29292
32617,33279,31423,30975,34336,37000,34503,32677,32088,37192,34540,29292
32704,33255,31551,30909,34336,37000,34503,32677,32088,37192,34540,29292
32733,32813,32100,30767,33900,37308,34558,32546,31469,37288,34620,29256
32737,32839,33483,30785,33900,37308,34558,32546,31469,37288,34620,29256
32733,33003,34907,30545,33900,37308,34558,32546,31469,37288,34620,29256
32761,32999,34281,30628,33900,37308,34558,32546,31469,37288,34620,29256
32819,33172,35327,30582,33900,37308,34558,32546,31469,37288,34620,29256
32895,33277,35322,30779,33900,37308,34558,32546,31469,37288,34620,29256
32790,33133,35099,31709,33900,37308,34558,32546,31469,37288,34620,29256
32762,33159,35202,33023,33900,37308,34558,32546,31469,37288,34620,29256
32744,33606,33079,34969,33900,37308,34558,32546,31469,37288,34620,29256
32686,34268,31143,34768,33900,37308,34558,32546,31469,37288,34620,29256
32644,34412,31397,32247,33580,37760,34548,32536,31152,37432,34632,29224
32633,34454,31741,31078,33580,37760,34548,32536,31152,37432,34632,29224
32605,33983,31486,30820,33580,37760,34548,32536,31152,37432,34632,29224
32648,32959,31721,32595,33580,37760,34548,32536,31152,37432,34632,29224
32619,31903,32125,33605,33580,37760,34548,32536,31152,37432,34632,29224
32656,31983,32090,33922,33580,37760,34548,32536,31152,37432,34632,29224
32722,32351,31851,34759,33580,37760,34548,32536,31152,37432,34632,29224
32772,32349,32138,33916,33580,37760,34548,32536,31152,37432,34632,29224
32738,32903,32127,33154,33580,37760,34548,32536,31152,37432,34632,29224
32746,32563,31746,32505,33580,37760,34548,32536,31152,37432,34632,29224
32774,31591,31923,31751,33504,38112,34564,32570,31360,37740,34496,29178
32854,30965,32130,34604,33504,38112,34564,32570,31360,37740,34496,29178
32879,31441,32237,34585,33504,38112,34564,32570,31360,37740,34496,29178
32926,31169,32507,33315,33504,38112,34564,32570,31360,37740,34496,29178
32971,31079,33246,32804,33504,38112,34564,32570,31360,37740,34496,29178
32950,31697,33655,32320,33504,38112,34564,32570,31360,37740,34496,29178
32958,32538,33439,32764,33504,38112,34564,32570,31360,37740,34496,29178
32938,32774,34660,34055,33504,38112,34564,32570,31360,37740,34496,29178
32885,32886,35494,34053,33504,38112,34564,32570,31360,37740,34496,29178
32858,33237,35098,33243,33504,38112,34564,32570,31360,37740,34496,29178
32882,33362,34689,32906,33672,38312,34528,32614,31589,37920,34269,29138
32775,33367,34095,32386,33672,38312,34528,32614,31589,37920,34269,29138
32760,33459,32429,32277,33672,38312,34528,32614,31589,37920,34269,29138
32741,33554,31797,32679,33672,38312,34528,32614,31589,37920,34269,29138
32712,33497,32399,32749,33672,38312,34528,32614,31589,37920,34269,29138
32782,33607,32485,32684,33672,38312,34528,32614,31589,37920,34269,29138
32699,34273,32002,32423,33672,38312,34528,32614,31589,37920,34269,29138
32604,35061,31552,31839,33672,38312,34528,32614,31589,37920,34269,29138
32703,35410,30287,31095,33672,38312,34528,32614,31589,37920,34269,29138
32707,35284,30267,29251,33672,38312,34528,32614,31589,37920,34269,29138
32762,34819,31211,28509,33954,38456,34326,32530,31760,38060,34096,29064
32805,33175,31972,28940,33954,38456,34326,32530,31760,38060,34096,29064
32820,32545,32079,26830,33954,38456,34326,32530,31760,38060,34096,29064
32873,32841,32175,25269,33954,38456,34326,32530,31760,38060,34096,29064
32908,32038,33131,27311,33954,38456,34326,32530,31760,38060,34096,29064
32912,31605,34552,31814,33954,38456,34326,32530,31760,38060,34096,29064
32941,30322,34326,39640,33954,38456,34326,32530,31760,38060,34096,29064
32987,30285,34492,43585,33954,38456,34326,32530,31760,38060,34096,29064
32988,30333,33834,42355,33954,38456,34326,32530,31760,38060,34096,29064
32882,30629,33007,38023,33954,38456,34326,32530,31760,38060,34096,29064
32905,31327,32829,41031,34117,38712,34072,32626,31844,38432,33772,28980
32930,31006,32647,38052,34117,38712,34072,32626,31844,38432,33772,28980
32946,30002,33162,35725,34117,38712,34072,32626,31844,38432,33772,28980
32888,30715,32661,34913,34117,38712,34072,32626,31844,38432,33772,28980
32964,31574,31248,31588,34117,38712,34072,32626,31844,38432,33772,28980
32918,32485,30879,30979,34117,38712,34072,32626,31844,38432,33772,28980
32960,33340,30978,31195,34117,38712,34072,32626,31844,38432,33772,28980
32856,33639,31055,30791,34117,38712,34072,32626,31844,38432,33772,28980
32804,33782,31431,31043,34117,38712,34072,32626,31844,38432,33772,28980
32838,33842,32077,33183,34117,38712,34072,32626,31844,38432,33772,28980
32900,33757,35034,33793,34192,39116,33836,32510,31636,38632,33512,28888
32894,33749,38028,32164,34192,39116,33836,32510,31636,38632,33512,28888
32860,34115,35217,30990,34192,39116,33836,32510,31636,38632,33512,28888
32740,34146,32879,31123,34192,39116,33836,32510,31636,38632,33512,28888
32748,33840,32966,31227,34192,39116,33836,32510,31636,38632,33512,28888
32838,33667,33477,31333,34192,39116,33836,32510,31636,38632,33512,28888
32816,33539,32805,31468,34192,39116,33836,32510,31636,38632,33512,28888
32814,33430,33513,31833,34192,39116,33836,32510,31636,38632,33512,28888
32750,33363,33781,31805,34192,39116,33836,32510,31636,38632,33512,28888
32660,33525,33613,31278,34192,39116,33836,32510,31636,38632,33512,28888
32729,33296,33504,30907,34216,39442,33500,32440,31496,38960,33204,28772
32655,33091,33060,31365,34216,39442,33500,32440,31496,38960,33204,28772
32666,33109,32597,32501,34216,39442,33500,32440,31496,38960,33204,28772
32584,32798,32286,33391,34216,39442,33500,32440,31496,38960,33204,28772
32580,32859,32445,33117,34216,39442,33500,32440,31496,38960,33204,28772
32580,32639,32284,32043,34216,39442,33500,32440,31496,38960,33204,28772
32622,32379,32299,30759,34216,39442,33500,32440,31496,38960,33204,28772
32634,32234,32535,30431,34216,39442,33500,32440,31496,38960,33204,28772
32726,31579,32631,34177,34216,39442,33500,32440,31496,38960,33204,28772
32724,30341,32437,33974,34216,39442,33500,32440,31496,38960,33204,28772
32698,30557,32226,33917,34152,39708,33026,32580,31256,39324,32840,28610
32648,31799,32204,34271,34152,39708,33026,32580,31256,39324,32840,28610
32614,32198,32311,34279,34152,39708,33026,32580,31256,39324,32840,28610
32619,31905,32227,33759,34152,39708,33026,32580,31256,39324,32840,28610
32651,31881,31572,33485,34152,39708,33026,32580,31256,39324,32840,28610
32614,32084,31381,33071,34152,39708,33026,32580,31256,39324,32840,28610
32754,32245,31335,32741,34152,39708,33026,32580,31256,39324,32840,28610
32876,32550,31122,32539,34152,39708,33026,32580,31256,39324,32840,28610
33004,32475,31388,32587,34152,39708,33026,32580,31256,39324,32840,28610
33024,32453,31703,32880,34152,39708,33026,32580,31256,39324,32840,28610
33026,32559,32388,32967,34116,39944,32488,32408,31305,39584,32424,28440
33029,32677,34340,32829,34116,39944,32488,32408,31305,39584,32424,28440
32997,32613,34011,32705,34116,39944,32488,32408,31305,39584,32424,28440
33009,32407,34279,32711,34116,39944,32488,32408,31305,39584,32424,28440
33104,32174,34823,32765,34116,39944,32488,32408,31305,39584,32424,28440
32908,31795,33614,32495,34116,39944,32488,32408,31305,39584,32424,28440
32913,31167,32896,32430,34116,39944,32488,32408,31305,39584,32424,28440
32772,32171,33067,32574,34116,39944,32488,32408,31305,39584,32424,28440
32791,33711,33467,32787,34116,39944,32488,32408,31305,39584,32424,28440
32759,34546,33517,32941,34116,39944,32488,32408,31305,39584,32424,28440
32696,35233,33523,33007,34218,40049,31620,32424,31484,39680,32002,28229
32642,35295,33471,32849,34218,40049,31620,32424,31484,39680,32002,28229
32543,35143,33299,32861,34218,40049,31620,32424,31484,39680,32002,28229
32378,34846,32967,33061,34218,40049,31620,32424,31484,39680,32002,28229
32416,34669,32923,32763,34218,40049,31620,32424,31484,39680,32002,28229
32459,34547,32845,32130,34218,40049,31620,32424,31484,39680,32002,28229
32465,34127,32475,32207,34218,40049,31620,32424,31484,39680,32002,28229
32534,33791,32231,32427,34218,40049,31620,32424,31484,39680,32002,28229
32560,33595,32285,32443,34218,40049,31620,32424,31484,39680,32002,28229
32611,33496,32205,32021,34218,40049,31620,32424,31484,39680,32002,28229
32613,33124,32314,32524,34448,39944,30664,32560,31603,40060,31616,27960
32744,33321,32352,32827,34448,39944,30664,32560,31603,40060,31616,27960
32766,33037,32537,34284,34448,39944,30664,32560,31603,40060,31616,27960
32802,33010,32415,34307,34448,39944,30664,32560,31603,40060,31616,27960
32892,32737,32305,32969,34448,39944,30664,32560,31603,40060,31616,27960
32914,31726,32417,32959,34448,39944,30664,32560,31603,40060,31616,27960
33004,31566,32511,33019,34448,39944,30664,32560,31603,40060,31616,27960
32941,31759,32179,33919,34448,39944,30664,32560,31603,40060,31616,27960
32995,32110,31763,33266,34448,39944,30664,32560,31603,40060,31616,27960
33035,32297,31614,32443,34448,39944,30664,32560,31603,40060,31616,27960
33088,32448,31867,32623,34750,39768,29992,32472,31664,40160,31272,27674
33020,32463,32080,32876,34750,39768,29992,32472,31664,40160,31272,27674
32925,32561,31884,32582,34750,39768,29992,32472,31664,40160,31272,27674
32928,32637,32095,32519,34750,39768,29992,32472,31664,40160,31272,27674
32869,32705,33850,32626,34750,39768,29992,32472,31664,40160,31272,27674
32852,32795,34638,32708,34750,39768,29992,32472,31664,40160,31272,27674
32872,32851,34702,32492,34750,39768,29992,32472,31664,40160,31272,27674
32795,32775,33760,32553,34750,39768,29992,32472,31664,40160,31272,27674
32834,32717,32913,32687,34750,39768,29992,32472,31664,40160,31272,27674
32858,32733,33190,32919,34750,39768,29992,32472,31664,40160,31272,27674
32756,32503,33339,32924,35072,39448,29624,32464,31677,40262,31277,27332
32700,32477,33163,32637,35072,39448,29624,32464,31677,40262,31277,27332
32709,32627,33261,32576,35072,39448,29624,32464,31677,40262,31277,27332
32674,32818,32939,32770,35072,39448,29624,32464,31677,40262,31277,27332
32723,32716,32612,32788,35072,39448,29624,32464,31677,40262,31277,27332
32742,32679,32562,32895,35072,39448,29624,32464,31677,40262,31277,27332
32775,32623,32685,32705,35072,39448,29624,32464,31677,40262,31277,27332
32790,32295,32769,32549,35072,39448,29624,32464,31677,40262,31277,27332
32751,32326,32690,32818,35072,39448,29624,32464,31677,40262,31277,27332
32787,32430,32580,32839,35072,39448,29624,32464,31677,40262,31277,27332
32775,32351,32447,32631,35302,39142,29488,32332,31304,40436,31504,27000
32746,32443,32396,32849,35302,39142,29488,32332,31304,40436,31504,27000
32805,32625,32477,32848,35302,39142,29488,32332,31304,40436,31504,27000
32786,32669,32602,32741,35302,39142,29488,32332,31304,40436,31504,27000
32780,32829,32809,32915,35302,39142,29488,32332,31304,40436,31504,27000
32824,32852,32663,32955,35302,39142,29488,32332,31304,40436,31504,27000
32804,32918,32427,32917,35302,39142,29488,32332,31304,40436,31504,27000
32765,32999,32169,32711,35302,39142,29488,32332,31304,40436,31504,27000
32792,32977,32159,32767,35302,39142,29488,32332,31304,40436,31504,27000
32756,32964,32303,32959,35302,39142,29488,32332,31304,40436,31504,27000
32770,32981,32370,32955,35248,39024,30008,32228,30848,40352,31514,26626
32737,32933,32493,32720,35248,39024,30008,32228,30848,40352,31514,26626
32814,32923,32647,32712,35248,39024,30008,32228,30848,40352,31514,26626
32786,32878,32679,32727,35248,39024,30008,32228,30848,40352,31514,26626
32774,32839,32771,32893,35248,39024,30008,32228,30848,40352,31514,26626
32711,32595,32968,32951,35248,39024,30008,32228,30848,40352,31514,26626
32744,32437,33514,32703,35248,39024,30008,32228,30848,40352,31514,26626
32652,32303,33924,32599,35248,39024,30008,32228,30848,40352,31514,26626
32548,32295,33525,32839,35248,39024,30008,32228,30848,40352,31514,26626
32512,32339,33327,32814,35248,39024,30008,32228,30848,40352,31514,26626
32512,32324,33364,32773,34816,38793,30950,32136,30312,40016,32108,26208
32449,31981,33725,32599,34816,38793,30950,32136,30312,40016,32108,26208
32531,32229,33495,32687,34816,38793,30950,32136,30312,40016,32108,26208
32514,32451,33111,32861,34816,38793,30950,32136,30312,40016,32108,26208
32471,32681,33135,32924,34816,38793,30950,32136,30312,40016,32108,26208
32461,32836,33011,32974,34816,38793,30950,32136,30312,40016,32108,26208
32531,32847,32788,32880,34816,38793,30950,32136,30312,40016,32108,26208
32549,32843,32502,32699,34816,38793,30950,32136,30312,40016,32108,26208
32554,32876,32511,32705,34816,38793,30950,32136,30312,40016,32108,26208
32580,32700,32557,32850,34816,38793,30950,32136,30312,40016,32108,26208
32654,31983,32429,32925,34300,38626,32024,32072,30012,39418,33944,25824
32689,31783,32425,32876,34300,38626,32024,32072,30012,39418,33944,25824
32735,32075,32489,32773,34300,38626,32024,32072,30012,39418,33944,25824
32717,32079,32487,32679,34300,38626,32024,32072,30012,39418,33944,25824
32690,31967,32450,32799,34300,38626,32024,32072,30012,39418,33944,25824
32716,32021,32437,32884,34300,38626,32024,32072,30012,39418,33944,25824
32775,32214,32501,32557,34300,38626,32024,32072,30012,39418,33944,25824
32696,32310,32566,32887,34300,38626,32024,32072,30012,39418,33944,25824
32686,32308,32647,32899,34300,38626,32024,32072,30012,39418,33944,25824
32632,32422,32677,32694,34300,38626,32024,32072,30012,39418,33944,25824
32649,32551,32670,32689,33836,38432,32930,31800,30328,38552,35721,25336
32778,32477,32628,32829,33836,38432,32930,31800,30328,38552,35721,25336
32755,32375,32793,32870,33836,38432,32930,31800,30328,38552,35721,25336
32710,32359,32615,32645,33836,38432,32930,31800,30328,38552,35721,25336
32742,32703,32731,32890,33836,38432,32930,31800,30328,38552,35721,25336
32797,33213,32795,32921,33836,38432,32930,31800,30328,38552,35721,25336
32756,33411,32775,32816,33836,38432,32930,31800,30328,38552,35721,25336
32864,33897,32952,32639,33836,38432,32930,31800,30328,38552,35721,25336
32870,34231,32927,32677,33836,38432,32930,31800,30328,38552,35721,25336
32934,34269,32838,32762,33836,38432,32930,31800,30328,38552,35721,25336
33033,34102,32742,32859,33906,38698,33992,31552,30524,37794,37152,24985
33052,33399,32911,32845,33906,38698,33992,31552,30524,37794,37152,24985
33029,32327,32879,32891,33906,38698,33992,31552,30524,37794,37152,24985
32902,33026,32735,32699,33906,38698,33992,31552,30524,37794,37152,24985
32788,32977,32751,32637,33906,38698,33992,31552,30524,37794,37152,24985
32740,33220,32714,32690,33906,38698,33992,31552,30524,37794,37152,24985
32755,33161,32527,32799,33906,38698,33992,31552,30524,37794,37152,24985
32775,32782,32637,32882,33906,38698,33992,31552,30524,37794,37152,24985
32754,31997,32727,32623,33906,38698,33992,31552,30524,37794,37152,24985
32869,31682,32775,32695,33906,38698,33992,31552,30524,37794,37152,24985
32968,32319,32749,32895,33800,38706,34668,31321,30896,37744,38232,24622
33057,32885,32700,32851,33800,38706,34668,31321,30896,37744,38232,24622
33068,33124,32634,32611,33800,38706,34668,31321,30896,37744,38232,24622
33100,32793,32548,32773,33800,38706,34668,31321,30896,37744,38232,24622
33040,32091,32511,32789,33800,38706,34668,31321,30896,37744,38232,24622
33054,31814,32565,32789,33800,38706,34668,31321,30896,37744,38232,24622
32916,32251,32559,32527,33800,38706,34668,31321,30896,37744,38232,24622
32868,33355,32610,32788,33800,38706,34668,31321,30896,37744,38232,24622
32737,34583,32638,32856,33800,38706,34668,31321,30896,37744,38232,24622
32588,35404,32681,32706,33800,38706,34668,31321,30896,37744,38232,24622
32532,35449,32727,32914,34128,39352,35664,31056,31864,37728,39181,24166
32452,35367,32701,33081,34128,39352,35664,31056,31864,37728,39181,24166
32477,35278,32647,33121,34128,39352,35664,31056,31864,37728,39181,24166
32501,34533,32843,33086,34128,39352,35664,31056,31864,37728,39181,24166
32607,33679,32933,32925,34128,39352,35664,31056,31864,37728,39181,24166
32584,33183,32838,32882,34128,39352,35664,31056,31864,37728,39181,24166
32679,33198,32911,32743,34128,39352,35664,31056,31864,37728,39181,24166
32700,33344,32944,32814,34128,39352,35664,31056,31864,37728,39181,24166
32674,33255,32931,32806,34128,39352,35664,31056,31864,37728,39181,24166
32584,33089,32885,32597,34128,39352,35664,31056,31864,37728,39181,24166
32544,33023,32834,32447,34836,39808,36856,30832,32324,37548,39460,23760
32440,33255,32751,32571,34836,39808,36856,30832,32324,37548,39460,23760
32381,33662,33058,32535,34836,39808,36856,30832,32324,37548,39460,23760
32377,34575,32979,32603,34836,39808,36856,30832,32324,37548,39460,23760
32480,35435,32797,32722,34836,39808,36856,30832,32324,37548,39460,23760
32498,35646,32825,32817,34836,39808,36856,30832,32324,37548,39460,23760
32582,34733,32775,32703,34836,39808,36856,30832,32324,37548,39460,23760
32770,34769,32919,32647,34836,39808,36856,30832,32324,37548,39460,23760
32941,34744,33007,32638,34836,39808,36856,30832,32324,37548,39460,23760
33178,33943,33013,32807,34836,39808,36856,30832,32324,37548,39460,23760
33412,33215,32977,32787,35296,39416,37688,30616,32680,37208,39440,23425
33512,32993,32875,32582,35296,39416,37688,30616,32680,37208,39440,23425
33520,32723,32785,32711,35296,39416,37688,30616,32680,37208,39440,23425
33554,31639,32969,32797,35296,39416,37688,30616,32680,37208,39440,23425
33460,30652,32987,32825,35296,39416,37688,30616,32680,37208,39440,23425
33352,29762,32959,32644,35296,39416,37688,30616,32680,37208,39440,23425
33156,28693,32863,32655,35296,39416,37688,30616,32680,37208,39440,23425
32978,28233,32624,32831,35296,39416,37688,30616,32680,37208,39440,23425
32845,28998,32658,32876,35296,39416,37688,30616,32680,37208,39440,23425
32792,29675,32807,32994,35296,39416,37688,30616,32680,37208,39440,23425
32649,29814,32724,32968,35362,39380,38000,30380,33160,36897,39336,23112
32602,29754,32606,32816,35362,39380,38000,30380,33160,36897,39336,23112
32641,29282,32418,32803,35362,39380,38000,30380,33160,36897,39336,23112
32679,28916,32494,32855,35362,39380,38000,30380,33160,36897,39336,23112
32736,30335,32474,33026,35362,39380,38000,30380,33160,36897,39336,23112
32774,31810,32480,33069,35362,39380,38000,30380,33160,36897,39336,23112
32805,33071,32641,33006,35362,39380,38000,30380,33160,36897,39336,23112
32919,33798,32711,32631,35362,39380,38000,30380,33160,36897,39336,23112
32903,34043,32725,32668,35362,39380,38000,30380,33160,36897,39336,23112
32963,34332,32679,32772,35362,39380,38000,30380,33160,36897,39336,23112
32992,34562,32835,32847,35116,39296,37928,30168,33456,36892,38840,22744
32965,34579,33119,32613,35116,39296,37928,30168,33456,36892,38840,22744
32932,34650,33093,32676,35116,39296,37928,30168,33456,36892,38840,22744
32902,34651,33035,32843,35116,39296,37928,30168,33456,36892,38840,22744
32841,34639,32795,32835,35116,39296,37928,30168,33456,36892,38840,22744
32826,34404,32915,32617,35116,39296,37928,30168,33456,36892,38840,22744
32726,34175,33069,32784,35116,39296,37928,30168,33456,36892,38840,22744
32656,33789,32723,32912,35116,39296,37928,30168,33456,36892,38840,22744
32529,33683,32573,32674,35116,39296,37928,30168,33456,36892,38840,22744
32538,33525,32486,32722,35116,39296,37928,30168,33456,36892,38840,22744
32421,33140,32428,32827,34594,39168,37156,30008,33496,36524,38306,22472
32358,32613,32342,32815,34594,39168,37156,30008,33496,36524,38306,22472
32284,32186,32467,32642,34594,39168,37156,30008,33496,36524,38306,22472
32276,31642,32459,32615,34594,39168,37156,30008,33496,36524,38306,22472
32310,31457,32519,32850,34594,39168,37156,30008,33496,36524,38306,22472
32265,32399,32722,32926,34594,39168,37156,30008,33496,36524,38306,22472
32345,32112,32930,32918,34594,39168,37156,30008,33496,36524,38306,22472
32334,31471,32956,33019,34594,39168,37156,30008,33496,36524,38306,22472
32400,31030,33031,33185,34594,39168,37156,30008,33496,36524,38306,22472
32514,30975,33422,33088,34594,39168,37156,30008,33496,36524,38306,22472
32576,30906,33605,32877,34332,38996,36504,29848,33248,35628,39586,22192
32629,31053,33469,32983,34332,38996,36504,29848,33248,35628,39586,22192
32684,31653,33018,32939,34332,38996,36504,29848,33248,35628,39586,22192
32736,31607,32871,32757,34332,38996,36504,29848,33248,35628,39586,22192
32708,30820,32623,32608,34332,38996,36504,29848,33248,35628,39586,22192
32710,31707,32594,32355,34332,38996,36504,29848,33248,35628,39586,22192
32724,32566,32669,32409,34332,38996,36504,29848,33248,35628,39586,22192
32775,33523,32634,32703,34332,38996,36504,29848,33248,35628,39586,22192
32794,33340,32563,32731,34332,38996,36504,29848,33248,35628,39586,22192
32799,32263,32591,32528,34332,38996,36504,29848,33248,35628,39586,22192
32826,31427,32462,32705,34604,38656,35888,29738,33168,34796,39300,21874
32873,31436,32407,32871,34604,38656,35888,29738,33168,34796,39300,21874
32869,31199,32443,32854,34604,38656,35888,29738,33168,34796,39300,21874
32908,31125,32381,32537,34604,38656,35888,29738,33168,34796,39300,21874
32905,31939,32623,32674,34604,38656,35888,29738,33168,34796,39300,21874
32848,32998,32975,32797,34604,38656,35888,29738,33168,34796,39300,21874
32858,33717,33379,32681,34604,38656,35888,29738,33168,34796,39300,21874
32917,33115,33637,32701,34604,38656,35888,29738,33168,34796,39300,21874
32956,32464,34196,32857,34604,38656,35888,29738,33168,34796,39300,21874
33062,32130,34343,32928,34604,38656,35888,29738,33168,34796,39300,21874
32997,32199,34067,32642,34416,38104,35620,29624,33124,34313,38824,21586
33035,32214,33345,32763,34416,38104,35620,29624,33124,34313,38824,21586
33030,32443,33104,32918,34416,38104,35620,29624,33124,34313,38824,21586
32988,33939,32967,32635,34416,38104,35620,29624,33124,34313,38824,21586
33061,33947,32675,32716,34416,38104,35620,29624,33124,34313,38824,21586
33016,34111,32233,32623,34416,38104,35620,29624,33124,34313,38824,21586
32968,33903,31879,32451,34416,38104,35620,29624,33124,34313,38824,21586
32977,33541,32146,32703,34416,38104,35620,29624,33124,34313,38824,21586
32974,33714,32387,32775,34416,38104,35620,29624,33124,34313,38824,21586
32899,33703,32620,32593,34416,38104,35620,29624,33124,34313,38824,21586
32918,33458,32794,32759,35236,37920,34904,29480,32888,34562,38360,21260
32875,33355,32931,32875,35236,37920,34904,29480,32888,34562,38360,21260
32815,33418,33111,32959,35236,37920,34904,29480,32888,34562,38360,21260
32796,33555,33123,32651,35236,37920,34904,29480,32888,34562,38360,21260
32646,33335,32784,32765,35236,37920,34904,29480,32888,34562,38360,21260
32543,32979,32543,32937,35236,37920,34904,29480,32888,34562,38360,21260
32436,33031,32356,32681,35236,37920,34904,29480,32888,34562,38360,21260
32395,33317,32320,32699,35236,37920,34904,29480,32888,34562,38360,21260
32420,33425,32331,32825,35236,37920,34904,29480,32888,34562,38360,21260
32431,33839,32191,32899,35236,37920,34904,29480,32888,34562,38360,21260
32481,33951,32139,32858,35140,37732,35084,29308,32624,34384,38260,21175
32408,33900,31993,32639,35140,37732,35084,29308,32624,34384,38260,21175
32390,33755,31815,32839,35140,37732,35084,29308,32624,34384,38260,21175
32412,33457,31866,32825,35140,37732,35084,29308,32624,34384,38260,21175
32486,33025,31935,32655,35140,37732,35084,29308,32624,34384,38260,21175
32538,32348,32134,32873,35140,37732,35084,29308,32624,34384,38260,21175
32467,32407,32407,32909,35140,37732,35084,29308,32624,34384,38260,21175
32384,32903,32485,32792,35140,37732,35084,29308,32624,34384,38260,21175
32344,32723,32461,32950,35140,37732,35084,29308,32624,34384,38260,21175
32271,33287,32383,32926,35140,37732,35084,29308,32624,34384,38260,21175
32371,32815,32407,32710,35168,37756,35300,29112,32269,34562,38144,20877
32472,31925,32527,32911,35168,37756,35300,29112,32269,34562,38144,20877
32527,31557,32718,32887,35168,37756,35300,29112,32269,34562,38144,20877
32637,31288,33102,32694,35168,37756,35300,29112,32269,34562,38144,20877
32877,30667,33376,32914,35168,37756,35300,29112,32269,34562,38144,20877
33015,31293,33591,32988,35168,37756,35300,29112,32269,34562,38144,20877
33066,31727,33359,32839,35168,37756,35300,29112,32269,34562,38144,20877
33045,32125,33199,32614,35168,37756,35300,29112,32269,34562,38144,20877
33076,31543,33588,32946,35168,37756,35300,29112,32269,34562,38144,20877
33126,32111,34079,32915,35168,37756,35300,29112,32269,34562,38144,20877
33185,32775,34342,32686,34756,37712,35561,28864,32288,34292,38028,20792
33273,33148,34369,32615,34756,37712,35561,28864,32288,34292,38028,20792
33274,33711,34578,32713,34756,37712,35561,28864,32288,34292,38028,20792
33218,33715,34187,32473,34756,37712,35561,28864,32288,34292,38028,20792
33162,33910,33756,32590,34756,37712,35561,28864,32288,34292,38028,20792
33124,33762,33374,32728,34756,37712,35561,28864,32288,34292,38028,20792
32937,33479,32975,32679,34756,37712,35561,28864,32288,34292,38028,20792
32859,33021,32815,32599,34756,37712,35561,28864,32288,34292,38028,20792
32707,32095,32821,32847,34756,37712,35561,28864,32288,34292,38028,20792
32529,31618,32806,32887,34756,37712,35561,28864,32288,34292,38028,20792
32325,32466,32562,32775,34312,37612,35692,28668,32292,33837,37944,20848
32208,32598,32293,32899,34312,37612,35692,28668,32292,33837,37944,20848
32008,33287,32075,33021,34312,37612,35692,28668,32292,33837,37944,20848
31910,34377,32089,32786,34312,37612,35692,28668,32292,33837,37944,20848
31900,35575,32033,32607,34312,37612,35692,28668,32292,33837,37944,20848
31853,35079,32044,32702,34312,37612,35692,28668,32292,33837,37944,20848
31865,34311,32012,32784,34312,37612,35692,28668,32292,33837,37944,20848
31972,33769,32093,32921,34312,37612,35692,28668,32292,33837,37944,20848
32107,33225,32345,32647,34312,37612,35692,28668,32292,33837,37944,20848
32356,32130,32468,32768,34312,37612,35692,28668,32292,33837,37944,20848
32626,30564,32421,33159,33904,37332,35692,28568,32688,33696,37665,20658
32905,29517,32493,33065,33904,37332,35692,28568,32688,33696,37665,20658
33197,31139,32533,32748,33904,37332,35692,28568,32688,33696,37665,20658
33562,32740,32487,32698,33904,37332,35692,28568,32688,33696,37665,20658
33979,33306,32514,32788,33904,37332,35692,28568,32688,33696,37665,20658
34293,32719,32769,32838,33904,37332,35692,28568,32688,33696,37665,20658
34637,32626,32795,32655,33904,37332,35692,28568,32688,33696,37665,20658
34806,31131,32797,32764,33904,37332,35692,28568,32688,33696,37665,20658
34941,30463,32834,32819,33904,37332,35692,28568,32688,33696,37665,20658
34974,33827,32745,32749,33904,37332,35692,28568,32688,33696,37665,20658
34894,34791,32839,32501,33680,37218,35852,28499,32756,33436,37458,20696
34638,34360,33101,32509,33680,37218,35852,28499,32756,33436,37458,20696
34370,33582,33046,32775,33680,37218,35852,28499,32756,33436,37458,20696
33948,33235,32794,32921,33680,37218,35852,28499,32756,33436,37458,20696
33577,32570,32649,33026,33680,37218,35852,28499,32756,33436,37458,20696
33204,32067,32660,32711,33680,37218,35852,28499,32756,33436,37458,20696
32807,32022,32962,32839,33680,37218,35852,28499,32756,33436,37458,20696
32365,32733,33757,32876,33680,37218,35852,28499,32756,33436,37458,20696
32015,34767,33897,32750,33680,37218,35852,28499,32756,33436,37458,20696
31688,35240,33518,32637,33680,37218,35852,28499,32756,33436,37458,20696
31504,33939,33397,32730,33696,36774,35725,28496,33048,33262,37424,20740
31386,32357,32933,32942,33696,36774,35725,28496,33048,33262,37424,20740
31282,30112,32561,33068,33696,36774,35725,28496,33048,33262,37424,20740
31275,28531,32439,32873,33696,36774,35725,28496,33048,33262,37424,20740
31362,30616,32275,32663,33696,36774,35725,28496,33048,33262,37424,20740
31437,33620,32191,32707,33696,36774,35725,28496,33048,33262,37424,20740
31521,35519,32103,32816,33696,36774,35725,28496,33048,33262,37424,20740
31640,34567,32162,32639,33696,36774,35725,28496,33048,33262,37424,20740
31781,33095,32252,32654,33696,36774,35725,28496,33048,33262,37424,20740
31818,33543,32746,32839,33696,36774,35725,28496,33048,33262,37424,20740
31917,33858,33313,32827,33794,36092,35712,28600,33136,32988,37416,20704
31974,32361,33225,32563,33794,36092,35712,28600,33136,32988,37416,20704
32036,31193,33171,32854,33794,36092,35712,28600,33136,32988,37416,20704
32134,31375,33434,33053,33794,36092,35712,28600,33136,32988,37416,20704
32175,31430,33388,33152,33794,36092,35712,28600,33136,32988,37416,20704
32344,32852,33241,32919,33794,36092,35712,28600,33136,32988,37416,20704
32474,33424,33165,32553,33794,36092,35712,28600,33136,32988,37416,20704
32556,32884,33362,32455,33794,36092,35712,28600,33136,32988,37416,20704
32604,32939,33167,32520,33794,36092,35712,28600,33136,32988,37416,20704
32687,33021,32761,32675,33794,36092,35712,28600,33136,32988,37416,20704
32684,31981,32471,32485,33920,35776,35744,28672,33124,32656,37288,20752
32746,31942,32287,32799,33920,35776,35744,28672,33124,32656,37288,20752
32802,32359,32173,32930,33920,35776,35744,28672,33124,32656,37288,20752
32773,33208,31961,32679,33920,35776,35744,28672,33124,32656,37288,20752
32855,34427,32111,32762,33920,35776,35744,28672,33124,32656,37288,20752
32873,36423,32131,33133,33920,35776,35744,28672,33124,32656,37288,20752
32864,36525,32227,33046,33920,35776,35744,28672,33124,32656,37288,20752
32928,35014,32282,32775,33920,35776,35744,28672,33124,32656,37288,20752
32967,34371,32422,32965,33920,35776,35744,28672,33124,32656,37288,20752
32969,34487,32419,32967,33920,35776,35744,28672,33124,32656,37288,20752
32958,31343,32689,32735,33944,35676,35726,28788,33144,32632,37096,20782
32969,27335,32466,32996,33944,35676,35726,28788,33144,32632,37096,20782
32987,29297,32218,33026,33944,35676,35726,28788,33144,32632,37096,20782
32968,29408,32231,32684,33944,35676,35726,28788,33144,32632,37096,20782
32953,30135,32295,32791,33944,35676,35726,28788,33144,32632,37096,20782
32997,31054,32167,32851,33944,35676,35726,28788,33144,32632,37096,20782
32952,32390,32193,32623,33944,35676,35726,28788,33144,32632,37096,20782
32957,33776,32409,32437,33944,35676,35726,28788,33144,32632,37096,20782
32997,33865,32708,32746,33944,35676,35726,28788,33144,32632,37096,20782
33000,32923,32973,32907,33944,35676,35726,28788,33144,32632,37096,20782
33026,32010,33311,32654,34052,35488,35832,28850,33092,32704,36938,20880
33004,32499,33799,32647,34052,35488,35832,28850,33092,32704,36938,20880
33024,33277,34182,32695,34052,35488,35832,28850,33092,32704,36938,20880
33014,33423,33462,32837,34052,35488,35832,28850,33092,32704,36938,20880
32954,33429,33447,32684,34052,35488,35832,28850,33092,32704,36938,20880
32972,33540,33678,32871,34052,35488,35832,28850,33092,32704,36938,20880
32974,33806,33334,33023,34052,35488,35832,28850,33092,32704,36938,20880
32916,33727,32918,32729,34052,35488,35832,28850,33092,32704,36938,20880
32840,33367,32629,32583,34052,35488,35832,28850,33092,32704,36938,20880
32822,31918,32826,32709,34052,35488,35832,28850,33092,32704,36938,20880
32814,30098,32758,32982,34152,35398,35812,28938,32936,32638,36996,21072
32816,31678,32316,32768,34152,35398,35812,28938,32936,32638,36996,21072
32738,34004,32056,32962,34152,35398,35812,28938,32936,32638,36996,21072
32678,34741,32085,32976,34152,35398,35812,28938,32936,32638,36996,21072
32728,33535,31943,32923,34152,35398,35812,28938,32936,32638,36996,21072
32764,32239,31895,32797,34152,35398,35812,28938,32936,32638,36996,21072
32813,32625,31857,32667,34152,35398,35812,28938,32936,32638,36996,21072
32835,32447,31571,32747,34152,35398,35812,28938,32936,32638,36996,21072
32836,32819,31442,32985,34152,35398,35812,28938,32936,32638,36996,21072
32832,33453,31573,33053,34152,35398,35812,28938,32936,32638,36996,21072
32874,32565,31843,32796,34242,35212,35740,28972,33232,32856,36865,21272
32858,33699,32405,32859,34242,35212,35740,28972,33232,32856,36865,21272
32813,34676,32946,32921,34242,35212,35740,28972,33232,32856,36865,21272
32838,35535,34023,32610,34242,35212,35740,28972,33232,32856,36865,21272
32813,34069,34450,32556,34242,35212,35740,28972,33232,32856,36865,21272
32850,33689,34196,32685,34242,35212,35740,28972,33232,32856,36865,21272
32869,32105,35422,32730,34242,35212,35740,28972,33232,32856,36865,21272
32866,31540,35713,32891,34242,35212,35740,28972,33232,32856,36865,21272
32886,31527,34849,32775,34242,35212,35740,28972,33232,32856,36865,21272
32771,31309,33671,32563,34242,35212,35740,28972,33232,32856,36865,21272
32661,31289,32754,32403,34330,35024,35696,29048,33250,33029,36960,21524
32568,33385,31833,32374,34330,35024,35696,29048,33250,33029,36960,21524
32572,34863,31823,32413,34330,35024,35696,29048,33250,33029,36960,21524
32593,34839,32167,32590,34330,35024,35696,29048,33250,33029,36960,21524
32666,33839,32214,32545,34330,35024,35696,29048,33250,33029,36960,21524
32632,32494,32081,32859,34330,35024,35696,29048,33250,33029,36960,21524
32718,31609,32022,33234,34330,35024,35696,29048,33250,33029,36960,21524
32843,28829,32191,33191,34330,35024,35696,29048,33250,33029,36960,21524
32946,30818,32861,33339,34330,35024,35696,29048,33250,33029,36960,21524
32957,31847,33011,33193,34330,35024,35696,29048,33250,33029,36960,21524
32934,32713,33567,32651,34288,34824,35688,29128,33198,33100,36836,21758
32981,33885,33447,32467,34288,34824,35688,29128,33198,33100,36836,21758
32986,34215,32995,32545,34288,34824,35688,29128,33198,33100,36836,21758
32995,33399,32567,32593,34288,34824,35688,29128,33198,33100,36836,21758
32979,33421,32879,32447,34288,34824,35688,29128,33198,33100,36836,21758
33063,33865,33007,32749,34288,34824,35688,29128,33198,33100,36836,21758
33138,34079,33149,32886,34288,34824,35688,29128,33198,33100,36836,21758
33079,34631,32684,32751,34288,34824,35688,29128,33198,33100,36836,21758
32978,32967,32127,32887,34288,34824,35688,29128,33198,33100,36836,21758
32996,33556,32178,32871,34288,34824,35688,29128,33198,33100,36836,21758
32969,33287,32473,32826,34188,34716,35584,29257,33472,33380,36960,22090
33074,32025,32675,32881,34188,34716,35584,29257,33472,33380,36960,22090
33082,29501,32175,32829,34188,34716,35584,29257,33472,33380,36960,22090
32948,28060,32064,32584,34188,34716,35584,29257,33472,33380,36960,22090
32937,31672,31971,32594,34188,34716,35584,29257,33472,33380,36960,22090
32908,34021,32038,32759,34188,34716,35584,29257,33472,33380,36960,22090
32838,33488,31922,32833,34188,34716,35584,29257,33472,33380,36960,22090
32804,31887,31843,32937,34188,34716,35584,29257,33472,33380,36960,22090
32805,32146,31511,32989,34188,34716,35584,29257,33472,33380,36960,22090
32859,32538,31482,32969,34188,34716,35584,29257,33472,33380,36960,22090
32797,32045,31535,32710,34184,34592,35424,29324,33528,33632,36816,22376
32754,31029,31685,32806,34184,34592,35424,29324,33528,33632,36816,22376
32733,30405,31974,33003,34184,34592,35424,29324,33528,33632,36816,22376
32724,30314,32082,32992,34184,34592,35424,29324,33528,33632,36816,22376
32784,33708,32148,32996,34184,34592,35424,29324,33528,33632,36816,22376
32747,36539,32484,32897,34184,34592,35424,29324,33528,33632,36816,22376
32744,36271,33858,32623,34184,34592,35424,29324,33528,33632,36816,22376
32782,35490,35059,32643,34184,34592,35424,29324,33528,33632,36816,22376
32728,34150,35154,32767,34184,34592,35424,29324,33528,33632,36816,22376
32641,32067,34656,32675,34184,34592,35424,29324,33528,33632,36816,22376
32519,30024,34621,32481,34172,34456,35300,29428,33740,33786,36643,22713
32591,29471,34199,32629,34172,34456,35300,29428,33740,33786,36643,22713
32559,30571,34203,32711,34172,34456,35300,29428,33740,33786,36643,22713
32504,31220,34062,32819,34172,34456,35300,29428,33740,33786,36643,22713
32457,34077,33993,32860,34172,34456,35300,29428,33740,33786,36643,22713
32516,35295,33325,32981,34172,34456,35300,29428,33740,33786,36643,22713
32445,34953,32671,32711,34172,34456,35300,29428,33740,33786,36643,22713
32423,32802,32457,32450,34172,34456,35300,29428,33740,33786,36643,22713
32459,33061,32340,32594,34172,34456,35300,29428,33740,33786,36643,22713
32458,32858,32325,32861,34172,34456,35300,29428,33740,33786,36643,22713
32591,32255,32165,33039,34248,34372,35232,29560,33330,34097,36940,23012
32557,33027,32083,32728,34248,34372,35232,29560,33330,34097,36940,23012
32587,35183,32221,32751,34248,34372,35232,29560,33330,34097,36940,23012
32634,34503,32301,32859,34248,34372,35232,29560,33330,34097,36940,23012
32618,31991,32293,32846,34248,34372,35232,29560,33330,34097,36940,23012
32658,29754,32385,32775,34248,34372,35232,29560,33330,34097,36940,23012
32728,32735,32452,32795,34248,34372,35232,29560,33330,34097,36940,23012
32729,35255,32349,32707,34248,34372,35232,29560,33330,34097,36940,23012
32701,35698,32391,32754,34248,34372,35232,29560,33330,34097,36940,23012
32743,33134,32718,32807,34248,34372,35232,29560,33330,34097,36940,23012
32788,31040,32839,32987,34402,34352,35256,29760,33560,34486,36978,23309
32754,29840,32889,32870,34402,34352,35256,29760,33560,34486,36978,23309
32674,31665,33467,32799,34402,34352,35256,29760,33560,34486,36978,23309
32704,32347,33894,32923,34402,34352,35256,29760,33560,34486,36978,23309
32726,32347,34014,32827,34402,34352,35256,29760,33560,34486,36978,23309
32732,32794,33871,32523,34402,34352,35256,29760,33560,34486,36978,23309
32745,33509,34205,32386,34402,34352,35256,29760,33560,34486,36978,23309
32723,33855,35474,32601,34402,34352,35256,29760,33560,34486,36978,23309
32676,34038,34516,32845,34402,34352,35256,29760,33560,34486,36978,23309
32634,35103,33103,32715,34402,34352,35256,29760,33560,34486,36978,23309
32598,34765,32455,32754,34448,34498,35250,29961,33576,34640,37080,23606
32530,31350,32230,32909,34448,34498,35250,29961,33576,34640,37080,23606
32581,28437,32433,32811,34448,34498,35250,29961,33576,34640,37080,23606
32629,29954,32524,32423,34448,34498,35250,29961,33576,34640,37080,23606
32635,30951,32421,32637,34448,34498,35250,29961,33576,34640,37080,23606
32658,31917,32347,32655,34448,34498,35250,29961,33576,34640,37080,23606
32666,33242,32164,32722,34448,34498,35250,29961,33576,34640,37080,23606
32737,34253,32002,32429,34448,34498,35250,29961,33576,34640,37080,23606
32794,33144,31919,32639,34448,34498,35250,29961,33576,34640,37080,23606
32841,31985,31968,33090,34448,34498,35250,29961,33576,34640,37080,23606
32857,30503,31949,33086,34608,34632,34960,30220,33810,34928,36716,24054
32881,29827,31947,32815,34608,34632,34960,30220,33810,34928,36716,24054
32884,33433,31823,32578,34608,34632,34960,30220,33810,34928,36716,24054
32914,35133,31977,32559,34608,34632,34960,30220,33810,34928,36716,24054
32864,34247,32208,32635,34608,34632,34960,30220,33810,34928,36716,24054
32969,33389,32503,32743,34608,34632,34960,30220,33810,34928,36716,24054
32860,33414,33023,32590,34608,34632,34960,30220,33810,34928,36716,24054
32884,33927,33306,32674,34608,34632,34960,30220,33810,34928,36716,24054
32888,33385,33163,32866,34608,34632,34960,30220,33810,34928,36716,24054
32863,32391,32889,32975,34608,34632,34960,30220,33810,34928,36716,24054
32811,32177,32983,32701,34920,34738,34688,30426,33604,35484,36880,24384
32837,33523,33184,32661,34920,34738,34688,30426,33604,35484,36880,24384
32774,33127,33571,32805,34920,34738,34688,30426,33604,35484,36880,24384
32711,31782,33098,32687,34920,34738,34688,30426,33604,35484,36880,24384
32681,30389,32754,32573,34920,34738,34688,30426,33604,35484,36880,24384
32718,30428,32427,32887,34920,34738,34688,30426,33604,35484,36880,24384
32747,31102,32215,33104,34920,34738,34688,30426,33604,35484,36880,24384
32704,33155,32247,33127,34920,34738,34688,30426,33604,35484,36880,24384
32768,35258,32357,32924,34920,34738,34688,30426,33604,35484,36880,24384
32816,35689,32451,33167,34920,34738,34688,30426,33604,35484,36880,24384
32870,34621,32483,33065,35064,34805,34300,30644,33528,35832,36648,24680
32892,34221,32838,32878,35064,34805,34300,30644,33528,35832,36648,24680
32832,33695,33161,32549,35064,34805,34300,30644,33528,35832,36648,24680
32740,33609,33133,32419,35064,34805,34300,30644,33528,35832,36648,24680
32774,33447,33010,32638,35064,34805,34300,30644,33528,35832,36648,24680
32861,33437,32981,32775,35064,34805,34300,30644,33528,35832,36648,24680
32874,33634,33017,32931,35064,34805,34300,30644,33528,35832,36648,24680
32878,34584,34333,32765,35064,34805,34300,30644,33528,35832,36648,24680
32940,34063,34069,32754,35064,34805,34300,30644,33528,35832,36648,24680
33065,31424,33711,32943,35064,34805,34300,30644,33528,35832,36648,24680
33080,30450,33360,32958,34960,35148,34160,30953,33212,36256,36566,25088
32987,30175,31287,33049,34960,35148,34160,30953,33212,36256,36566,25088
32956,27788,30887,33001,34960,35148,34160,30953,33212,36256,36566,25088
32962,28673,31031,32814,34960,35148,34160,30953,33212,36256,36566,25088
32736,31599,31801,33004,34960,35148,34160,30953,33212,36256,36566,25088
32785,32877,32761,32929,34960,35148,34160,30953,33212,36256,36566,25088
32804,33138,32990,32791,34960,35148,34160,30953,33212,36256,36566,25088
32880,33168,33031,32603,34960,35148,34160,30953,33212,36256,36566,25088
32937,32826,33175,32711,34960,35148,34160,30953,33212,36256,36566,25088
32830,32711,32915,32865,34960,35148,34160,30953,33212,36256,36566,25088
32791,32647,32673,32954,34877,35456,33898,31182,33028,36768,36444,25432
32832,32763,32438,32685,34877,35456,33898,31182,33028,36768,36444,25432
32845,33332,32282,32818,34877,35456,33898,31182,33028,36768,36444,25432
32825,33186,32159,32895,34877,35456,33898,31182,33028,36768,36444,25432
32759,32551,32572,32775,34877,35456,33898,31182,33028,36768,36444,25432
32608,32477,33131,32687,34877,35456,33898,31182,33028,36768,36444,25432
32466,32831,33671,32807,34877,35456,33898,31182,33028,36768,36444,25432
32495,33225,33678,32783,34877,35456,33898,31182,33028,36768,36444,25432
32699,32166,33787,32630,34877,35456,33898,31182,33028,36768,36444,25432
32929,32771,33655,32757,34877,35456,33898,31182,33028,36768,36444,25432
32956,32851,32697,32924,34657,35876,33544,31398,32960,36896,36178,25890
32839,31841,32391,32965,34657,35876,33544,31398,32960,36896,36178,25890
32645,30416,32356,32656,34657,35876,33544,31398,32960,36896,36178,25890
32565,31130,32519,32543,34657,35876,33544,31398,32960,36896,36178,25890
32584,31393,32581,32819,34657,35876,33544,31398,32960,36896,36178,25890
32558,30335,32774,33058,34657,35876,33544,31398,32960,36896,36178,25890
32645,32835,32991,32866,34657,35876,33544,31398,32960,36896,36178,25890
32543,32967,33031,32802,34657,35876,33544,31398,32960,36896,36178,25890
32452,32262,32098,32933,34657,35876,33544,31398,32960,36896,36178,25890
32522,32231,31872,32880,34657,35876,33544,31398,32960,36896,36178,25890
32508,31751,32507,32375,34552,36464,33106,31650,33032,37328,35808,26204
32603,31751,33073,32630,34552,36464,33106,31650,33032,37328,35808,26204
32580,34240,33144,32715,34552,36464,33106,31650,33032,37328,35808,26204
32413,35726,33271,32635,34552,36464,33106,31650,33032,37328,35808,26204
32475,36419,33174,32710,34552,36464,33106,31650,33032,37328,35808,26204
32800,35271,33261,32897,34552,36464,33106,31650,33032,37328,35808,26204
32658,33959,32731,32863,34552,36464,33106,31650,33032,37328,35808,26204
32494,34527,32361,32595,34552,36464,33106,31650,33032,37328,35808,26204
32287,36416,32121,32899,34552,36464,33106,31650,33032,37328,35808,26204
32360,38023,31683,32853,34552,36464,33106,31650,33032,37328,35808,26204
32605,38998,32179,32498,34276,36400,32820,32024,32176,37088,35664,26604
32772,38379,33351,32700,34276,36400,32820,32024,32176,37088,35664,26604
32871,36399,32406,32784,34276,36400,32820,32024,32176,37088,35664,26604
32970,33996,32075,32549,34276,36400,32820,32024,32176,37088,35664,26604
33126,32561,32277,32634,34276,36400,32820,32024,32176,37088,35664,26604
33725,31206,32428,32863,34276,36400,32820,32024,32176,37088,35664,26604
33637,30863,32933,32746,34276,36400,32820,32024,32176,37088,35664,26604
33143,31111,33380,32585,34276,36400,32820,32024,32176,37088,35664,26604
32740,31108,34742,32694,34276,36400,32820,32024,32176,37088,35664,26604
32432,32182,34397,32647,34276,36400,32820,32024,32176,37088,35664,26604
32377,32853,32944,32602,33680,36552,31876,32292,32672,37712,35292,27014
32417,33647,31883,32631,33680,36552,31876,32292,32672,37712,35292,27014
32498,33045,31826,32931,33680,36552,31876,32292,32672,37712,35292,27014
32816,31764,32343,33253,33680,36552,31876,32292,32672,37712,35292,27014
32635,28058,33934,33166,33680,36552,31876,32292,32672,37712,35292,27014
32568,25431,32161,33173,33680,36552,31876,32292,32672,37712,35292,27014
32390,27229,31778,32770,33680,36552,31876,32292,32672,37712,35292,27014
32179,32043,32367,32684,33680,36552,31876,32292,32672,37712,35292,27014
32252,35693,32459,32652,33680,36552,31876,32292,32672,37712,35292,27014
32196,36493,32473,32734,33680,36552,31876,32292,32672,37712,35292,27014
32228,36659,32571,32607,33680,36996,31200,32648,32477,37752,34896,27412
32341,34303,32601,32383,33680,36996,31200,32648,32477,37752,34896,27412
32417,32661,32336,32498,33680,36996,31200,32648,32477,37752,34896,27412
32770,30935,32035,32676,33680,36996,31200,32648,32477,37752,34896,27412
33100,31291,31901,32821,33680,36996,31200,32648,32477,37752,34896,27412
33026,32063,32263,32809,33680,36996,31200,32648,32477,37752,34896,27412
32878,32891,32413,32789,33680,36996,31200,32648,32477,37752,34896,27412
33097,33395,32459,32691,33680,36996,31200,32648,32477,37752,34896,27412
33265,33716,32479,32899,33680,36996,31200,32648,32477,37752,34896,27412
33344,33557,32445,32923,33680,36996,31200,32648,32477,37752,34896,27412
33385,33610,32519,32685,33586,37496,30440,32800,33156,37770,34012,27764
33281,33065,32681,32705,33586,37496,30440,32800,33156,37770,34012,27764
33248,32843,32557,32845,33586,37496,30440,32800,33156,37770,34012,27764
33199,33042,32442,32926,33586,37496,30440,32800,33156,37770,34012,27764
33269,33257,32605,32593,33586,37496,30440,32800,33156,37770,34012,27764
33264,33031,32567,32806,33586,37496,30440,32800,33156,37770,34012,27764
33178,32888,32747,32883,33586,37496,30440,32800,33156,37770,34012,27764
33348,32541,33097,32644,33586,37496,30440,32800,33156,37770,34012,27764
33029,31469,33287,32739,33586,37496,30440,32800,33156,37770,34012,27764
32626,30903,33459,32801,33586,37496,30440,32800,33156,37770,34012,27764
32612,31563,33374,32833,33894,38284,29672,33168,34179,38346,31330,28184
32876,31998,33375,32740,33894,38284,29672,33168,34179,38346,31330,28184
32732,32275,33295,32620,33894,38284,29672,33168,34179,38346,31330,28184
32420,32674,33121,32647,33894,38284,29672,33168,34179,38346,31330,28184
32099,32623,33239,32795,33894,38284,29672,33168,34179,38346,31330,28184
31872,32331,33307,32795,33894,38284,29672,33168,34179,38346,31330,28184
32256,31120,33207,32839,33894,38284,29672,33168,34179,38346,31330,28184
32318,30743,33057,32608,33894,38284,29672,33168,34179,38346,31330,28184
32136,30534,33031,32720,33894,38284,29672,33168,34179,38346,31330,28184
32204,30527,33037,32799,33894,38284,29672,33168,34179,38346,31330,28184
32070,31030,33132,32903,33772,39476,27585,33536,31752,36992,31058,28532
32002,32406,33046,32707,33772,39476,27585,33536,31752,36992,31058,28532
32040,31759,32943,32787,33772,39476,27585,33536,31752,36992,31058,28532
32220,30176,32979,32979,33772,39476,27585,33536,31752,36992,31058,28532
32269,30835,32899,32959,33772,39476,27585,33536,31752,36992,31058,28532
32106,32463,32843,32615,33772,39476,27585,33536,31752,36992,31058,28532
32292,32773,32975,32737,33772,39476,27585,33536,31752,36992,31058,28532
32459,32341,33158,32903,33772,39476,27585,33536,31752,36992,31058,28532
32571,31781,33327,32930,33772,39476,27585,33536,31752,36992,31058,28532
32651,29114,33120,32805,33772,39476,27585,33536,31752,36992,31058,28532
32688,29608,32979,32731,33780,40940,25972,33714,29880,36592,28897,28832
32899,31467,33021,32833,33780,40940,25972,33714,29880,36592,28897,28832
33188,32146,32919,32934,33780,40940,25972,33714,29880,36592,28897,28832
33490,32942,33014,32898,33780,40940,25972,33714,29880,36592,28897,28832
33502,35119,32827,32827,33780,40940,25972,33714,29880,36592,28897,28832
33399,36795,32946,32783,33780,40940,25972,33714,29880,36592,28897,28832
33188,30181,32980,32564,33780,40940,25972,33714,29880,36592,28897,28832
33189,26667,32730,32604,33780,40940,25972,33714,29880,36592,28897,28832
33280,33004,32722,33001,33780,40940,25972,33714,29880,36592,28897,28832
33508,37033,32721,33052,33780,40940,25972,33714,29880,36592,28897,28832
33347,37609,32722,32863,33417,41666,24796,33872,27660,36904,28450,29044
33430,39860,32893,33055,33417,41666,24796,33872,27660,36904,28450,29044
33548,40265,33049,32935,33417,41666,24796,33872,27660,36904,28450,29044
33528,39887,33181,32570,33417,41666,24796,33872,27660,36904,28450,29044
33440,38495,33158,32414,33417,41666,24796,33872,27660,36904,28450,29044
33024,37579,32965,32871,33417,41666,24796,33872,27660,36904,28450,29044
32886,36544,32759,32952,33417,41666,24796,33872,27660,36904,28450,29044
33531,35715,32676,32687,33417,41666,24796,33872,27660,36904,28450,29044
34592,34648,32464,32799,33417,41666,24796,33872,27660,36904,28450,29044
34724,33186,32339,32887,33417,41666,24796,33872,27660,36904,28450,29044
34303,32111,32456,32891,33117,42000,24992,34028,26597,36220,29364,29048
33620,31599,32439,32711,33117,42000,24992,34028,26597,36220,29364,29048
33272,30791,32538,32582,33117,42000,24992,34028,26597,36220,29364,29048
32977,32533,32834,32761,33117,42000,24992,34028,26597,36220,29364,29048
32466,36425,32847,32868,33117,42000,24992,34028,26597,36220,29364,29048
31992,38119,32952,32845,33117,42000,24992,34028,26597,36220,29364,29048
31986,38391,33215,32584,33117,42000,24992,34028,26597,36220,29364,29048
31960,38774,33415,32614,33117,42000,24992,34028,26597,36220,29364,29048
31628,35494,33425,32659,33117,42000,24992,34028,26597,36220,29364,29048
31321,33445,33316,32693,33117,42000,24992,34028,26597,36220,29364,29048
31285,33546,33295,32933,32941,40756,27021,34261,28892,36408,31626,29076
32047,28504,33175,32959,32941,40756,27021,34261,28892,36408,31626,29076
32697,24811,33253,33119,32941,40756,27021,34261,28892,36408,31626,29076
32968,27201,33327,33099,32941,40756,27021,34261,28892,36408,31626,29076
32976,30327,33084,33014,32941,40756,27021,34261,28892,36408,31626,29076
32928,30821,32833,32922,32941,40756,27021,34261,28892,36408,31626,29076
33087,31431,32571,32775,32941,40756,27021,34261,28892,36408,31626,29076
33042,32518,32263,32996,32941,40756,27021,34261,28892,36408,31626,29076
32959,32150,32191,32933,32941,40756,27021,34261,28892,36408,31626,29076
32924,30411,32422,32238,32941,40756,27021,34261,28892,36408,31626,29076
32982,29624,33015,32213,33204,38080,29312,34024,31914,36762,33456,28896
33106,30738,33487,32583,33204,38080,29312,34024,31914,36762,33456,28896
32960,31867,33341,32951,33204,38080,29312,34024,31914,36762,33456,28896
33062,31484,33074,32927,33204,38080,29312,34024,31914,36762,33456,28896
32952,30613,33126,32674,33204,38080,29312,34024,31914,36762,33456,28896
32673,29799,32963,32831,33204,38080,29312,34024,31914,36762,33456,28896
32696,29191,33128,32997,33204,38080,29312,34024,31914,36762,33456,28896
33298,28971,33207,33010,33204,38080,29312,34024,31914,36762,33456,28896
33692,29058,33022,32878,33204,38080,29312,34024,31914,36762,33456,28896
33639,29042,32674,32714,33204,38080,29312,34024,31914,36762,33456,28896
33350,30123,32296,32590,33695,35992,31092,33916,33380,36390,34840,28766
32553,31702,32287,32560,33695,35992,31092,33916,33380,36390,34840,28766
31814,33726,32358,32612,33695,35992,31092,33916,33380,36390,34840,28766
31490,35382,32503,32649,33695,35992,31092,33916,33380,36390,34840,28766
31200,36178,32655,32693,33695,35992,31092,33916,33380,36390,34840,28766
31361,34602,32604,32549,33695,35992,31092,33916,33380,36390,34840,28766
32028,32575,32493,32705,33695,35992,31092,33916,33380,36390,34840,28766
32305,30189,32258,33167,33695,35992,31092,33916,33380,36390,34840,28766
32282,28342,32240,33355,33695,35992,31092,33916,33380,36390,34840,28766
31774,28534,31909,33151,33695,35992,31092,33916,33380,36390,34840,28766
31262,31480,31593,33178,33772,35704,32736,33972,33288,36732,34804,28642
31555,34490,31400,33174,33772,35704,32736,33972,33288,36732,34804,28642
32094,34582,31570,32873,33772,35704,32736,33972,33288,36732,34804,28642
32271,34530,31969,32418,33772,35704,32736,33972,33288,36732,34804,28642
32369,34065,32467,32263,33772,35704,32736,33972,33288,36732,34804,28642
32108,33235,32761,32335,33772,35704,32736,33972,33288,36732,34804,28642
32256,32495,32479,32571,33772,35704,32736,33972,33288,36732,34804,28642
32452,32551,32055,32653,33772,35704,32736,33972,33288,36732,34804,28642
32485,32487,31939,32637,33772,35704,32736,33972,33288,36732,34804,28642
32647,32441,31873,32615,33772,35704,32736,33972,33288,36732,34804,28642
33199,32691,32071,32885,33138,35916,34192,33704,32944,38280,34512,28560
33449,32807,32407,32967,33138,35916,34192,33704,32944,38280,34512,28560
33366,32879,32537,32695,33138,35916,34192,33704,32944,38280,34512,28560
33383,34415,32767,32663,33138,35916,34192,33704,32944,38280,34512,28560
33086,35431,32921,32879,33138,35916,34192,33704,32944,38280,34512,28560
33250,34725,32951,32927,33138,35916,34192,33704,32944,38280,34512,28560
34523,33051,33303,32985,33138,35916,34192,33704,32944,38280,34512,28560
34671,32699,33287,32673,33138,35916,34192,33704,32944,38280,34512,28560
34496,32923,33282,32555,33138,35916,34192,33704,32944,38280,34512,28560
33984,32963,33235,32647,33138,35916,34192,33704,32944,38280,34512,28560
31580,33287,33327,32754,32856,37068,35376,33316,32488,38691,33682,28514
29894,33865,33380,32903,32856,37068,35376,33316,32488,38691,33682,28514
29090,34013,33330,32669,32856,37068,35376,33316,32488,38691,33682,28514
30258,34953,33017,32567,32856,37068,35376,33316,32488,38691,33682,28514
31573,36023,32846,32606,32856,37068,35376,33316,32488,38691,33682,28514
31980,35709,32647,32642,32856,37068,35376,33316,32488,38691,33682,28514
32093,35159,32598,32815,32856,37068,35376,33316,32488,38691,33682,28514
32196,35613,32332,32695,32856,37068,35376,33316,32488,38691,33682,28514
32412,33934,32114,32591,32856,37068,35376,33316,32488,38691,33682,28514
32288,27355,31732,32856,32856,37068,35376,33316,32488,38691,33682,28514
33761,23669,31854,33132,32710,38329,36482,33068,32082,39084,33198,28538
36402,26239,31938,33338,32710,38329,36482,33068,32082,39084,33198,28538
36381,28362,31932,33223,32710,38329,36482,33068,32082,39084,33198,28538
35116,29965,31886,32833,32710,38329,36482,33068,32082,39084,33198,28538
32922,32371,31929,32825,32710,38329,36482,33068,32082,39084,33198,28538
32083,34689,32070,32706,32710,38329,36482,33068,32082,39084,33198,28538
33694,35615,32033,32491,32710,38329,36482,33068,32082,39084,33198,28538
34237,33548,32055,32421,32710,38329,36482,33068,32082,39084,33198,28538
33887,34132,32340,32569,32710,38329,36482,33068,32082,39084,33198,28538
33146,33824,32741,32455,32710,38329,36482,33068,32082,39084,33198,28538
31721,33838,32837,32291,33488,39192,35922,32776,32068,38628,33316,28469
30776,35647,32927,32281,33488,39192,35922,32776,32068,38628,33316,28469
29616,35927,32616,32535,33488,39192,35922,32776,32068,38628,33316,28469
30344,36237,32543,33061,33488,39192,35922,32776,32068,38628,33316,28469
31367,33007,32758,33129,33488,39192,35922,32776,32068,38628,33316,28469
33015,27294,33084,33513,33488,39192,35922,32776,32068,38628,33316,28469
34210,23931,33387,33517,33488,39192,35922,32776,32068,38628,33316,28469
33842,31509,33500,33034,33488,39192,35922,32776,32068,38628,33316,28469
32228,33595,33452,32677,33488,39192,35922,32776,32068,38628,33316,28469
31120,30400,33504,32447,33488,39192,35922,32776,32068,38628,33316,28469
31780,31597,33503,32544,34330,39660,33544,32601,32672,37792,33315,28424
33965,32949,33397,32736,34330,39660,33544,32601,32672,37792,33315,28424
36157,33839,33286,32591,34330,39660,33544,32601,32672,37792,33315,28424
36805,34747,33229,32583,34330,39660,33544,32601,32672,37792,33315,28424
37325,34198,33508,32752,34330,39660,33544,32601,32672,37792,33315,28424
36283,33704,33585,32846,34330,39660,33544,32601,32672,37792,33315,28424
34928,33319,33315,32709,34330,39660,33544,32601,32672,37792,33315,28424
34524,33707,33029,32717,34330,39660,33544,32601,32672,37792,33315,28424
33537,33838,32901,32809,34330,39660,33544,32601,32672,37792,33315,28424
33223,33309,33129,32951,34330,39660,33544,32601,32672,37792,33315,28424
32602,33003,33183,32651,34524,38426,31204,32532,33544,38212,33544,28344
31610,32775,33263,32828,34524,38426,31204,32532,33544,38212,33544,28344
33234,32926,33115,32944,34524,38426,31204,32532,33544,38212,33544,28344
32096,31773,33060,32764,34524,38426,31204,32532,33544,38212,33544,28344
30060,30422,32917,32666,34524,38426,31204,32532,33544,38212,33544,28344
28579,29925,33031,32877,34524,38426,31204,32532,33544,38212,33544,28344
28272,30756,33068,32617,34524,38426,31204,32532,33544,38212,33544,28344
28948,33146,32993,32851,34524,38426,31204,32532,33544,38212,33544,28344
32920,34591,32959,32871,34524,38426,31204,32532,33544,38212,33544,28344
33833,32471,32795,32749,34524,38426,31204,32532,33544,38212,33544,28344
33756,33171,32672,32733,35178,37280,30888,32808,34464,38136,34384,28232
33008,33546,32754,32990,35178,37280,30888,32808,34464,38136,34384,28232
32644,31666,33159,32807,35178,37280,30888,32808,34464,38136,34384,28232
32569,32510,33367,32566,35178,37280,30888,32808,34464,38136,34384,28232
33490,33461,33397,32679,35178,37280,30888,32808,34464,38136,34384,28232
33609,33191,33511,32711,35178,37280,30888,32808,34464,38136,34384,28232
32374,32630,33395,32754,35178,37280,30888,32808,34464,38136,34384,28232
31744,33493,33463,32755,35178,37280,30888,32808,34464,38136,34384,28232
30994,34851,33364,32513,35178,37280,30888,32808,34464,38136,34384,28232
31564,35463,33162,32755,35178,37280,30888,32808,34464,38136,34384,28232
32236,36711,32924,32999,36816,35756,31396,32920,34998,37640,34786,28140
33397,38189,32891,33042,36816,35756,31396,32920,34998,37640,34786,28140
33704,39385,32987,32545,36816,35756,31396,32920,34998,37640,34786,28140
33177,40838,32933,32577,36816,35756,31396,32920,34998,37640,34786,28140
33252,44797,32800,32641,36816,35756,31396,32920,34998,37640,34786,28140
33790,42549,32911,32511,36816,35756,31396,32920,34998,37640,34786,28140
34075,36026,32984,32622,36816,35756,31396,32920,34998,37640,34786,28140
33968,32015,32819,32951,36816,35756,31396,32920,34998,37640,34786,28140
33764,31495,32535,32871,36816,35756,31396,32920,34998,37640,34786,28140
33705,30603,32391,32795,36816,35756,31396,32920,34998,37640,34786,28140
33332,26119,32492,33007,37768,35344,33589,32856,35608,37368,34300,28090
35986,27424,32656,32916,37768,35344,33589,32856,35608,37368,34300,28090
35708,30263,32849,32558,37768,35344,33589,32856,35608,37368,34300,28090
32647,30188,32803,32647,37768,35344,33589,32856,35608,37368,34300,28090
29412,29380,32703,32683,37768,35344,33589,32856,35608,37368,34300,28090
28818,29245,32587,32352,37768,35344,33589,32856,35608,37368,34300,28090
30410,29097,32679,32639,37768,35344,33589,32856,35608,37368,34300,28090
30638,29278,32964,32623,37768,35344,33589,32856,35608,37368,34300,28090
30200,30618,32512,32827,37768,35344,33589,32856,35608,37368,34300,28090
30089,29053,32645,32799,37768,35344,33589,32856,35608,37368,34300,28090
33534,31939,32706,33027,37584,35037,35922,32664,35482,37194,34302,28022
34795,34943,32651,33118,37584,35037,35922,32664,35482,37194,34302,28022
33956,33927,32983,32669,37584,35037,35922,32664,35482,37194,34302,28022
32324,33439,33014,32592,37584,35037,35922,32664,35482,37194,34302,28022
31303,34379,33142,32695,37584,35037,35922,32664,35482,37194,34302,28022
32100,34247,33070,32801,37584,35037,35922,32664,35482,37194,34302,28022
30058,34955,32696,32803,37584,35037,35922,32664,35482,37194,34302,28022
28750,34335,32422,33110,37584,35037,35922,32664,35482,37194,34302,28022
27497,29058,32318,32911,37584,35037,35922,32664,35482,37194,34302,28022
30215,26719,32448,32522,37584,35037,35922,32664,35482,37194,34302,28022
33636,31559,32608,32594,36196,35531,35069,32328,33660,37120,34436,28045
35141,31550,32647,32609,36196,35531,35069,32328,33660,37120,34436,28045
35757,29211,32583,32509,36196,35531,35069,32328,33660,37120,34436,28045
36156,27782,32361,32873,36196,35531,35069,32328,33660,37120,34436,28045
36431,25978,32185,33037,36196,35531,35069,32328,33660,37120,34436,28045
37333,24274,32082,32771,36196,35531,35069,32328,33660,37120,34436,28045
37507,26702,31991,32805,36196,35531,35069,32328,33660,37120,34436,28045
35257,29319,32263,32936,36196,35531,35069,32328,33660,37120,34436,28045
33146,28826,32192,33019,36196,35531,35069,32328,33660,37120,34436,28045
32521,30797,32203,32826,36196,35531,35069,32328,33660,37120,34436,28045
34438,33737,32407,32845,34584,36560,33616,31980,30862,36938,34514,28052
34252,35712,32748,33053,34584,36560,33616,31980,30862,36938,34514,28052
32166,37607,33085,32825,34584,36560,33616,31980,30862,36938,34514,28052
29763,38567,32993,32704,34584,36560,33616,31980,30862,36938,34514,28052
29733,38066,32921,32695,34584,36560,33616,31980,30862,36938,34514,28052
30053,36734,32931,32711,34584,36560,33616,31980,30862,36938,34514,28052
30818,35637,32636,32609,34584,36560,33616,31980,30862,36938,34514,28052
30697,34690,32603,32883,34584,36560,33616,31980,30862,36938,34514,28052
30838,34171,32653,33311,34584,36560,33616,31980,30862,36938,34514,28052
31708,33671,32709,33129,34584,36560,33616,31980,30862,36938,34514,28052
32057,33413,32743,33100,33162,38418,34020,31664,28322,37042,35958,28034
33386,33439,32481,33225,33162,38418,34020,31664,28322,37042,35958,28034
33617,33662,32495,33123,33162,38418,34020,31664,28322,37042,35958,28034
33924,33985,32580,33058,33162,38418,34020,31664,28322,37042,35958,28034
33493,34089,32622,33071,33162,38418,34020,31664,28322,37042,35958,28034
32228,34098,32652,33255,33162,38418,34020,31664,28322,37042,35958,28034
31509,34025,32477,33311,33162,38418,34020,31664,28322,37042,35958,28034
31977,34090,32483,32899,33162,38418,34020,31664,28322,37042,35958,28034
35516,34201,32455,33074,33162,38418,34020,31664,28322,37042,35958,28034
36061,34143,32494,33095,33162,38418,34020,31664,28322,37042,35958,28034
33652,33643,32626,32647,32408,38620,35165,31560,28309,36684,36836,27948
30935,33351,32764,32746,32408,38620,35165,31560,28309,36684,36836,27948
30934,33364,32934,32611,32408,38620,35165,31560,28309,36684,36836,27948
31708,33278,32819,32247,32408,38620,35165,31560,28309,36684,36836,27948
32532,33342,32895,32395,32408,38620,35165,31560,28309,36684,36836,27948
33496,33115,33062,32421,32408,38620,35165,31560,28309,36684,36836,27948
33540,32991,33091,32167,32408,38620,35165,31560,28309,36684,36836,27948
33144,32871,32894,32149,32408,38620,35165,31560,28309,36684,36836,27948
32395,32727,32743,32341,32408,38620,35165,31560,28309,36684,36836,27948
33354,32675,32727,32427,32408,38620,35165,31560,28309,36684,36836,27948
33859,32471,32787,32346,32308,37154,36196,31615,29848,36640,36148,27858
33605,32431,32567,32285,32308,37154,36196,31615,29848,36640,36148,27858
32299,32335,32723,32442,32308,37154,36196,31615,29848,36640,36148,27858
31373,32375,32886,32559,32308,37154,36196,31615,29848,36640,36148,27858
31112,32434,32915,32423,32308,37154,36196,31615,29848,36640,36148,27858
31069,32430,32859,32263,32308,37154,36196,31615,29848,36640,36148,27858
31244,32512,32898,32502,32308,37154,36196,31615,29848,36640,36148,27858
32521,32646,32890,32535,32308,37154,36196,31615,29848,36640,36148,27858
32903,32681,32959,32455,32308,37154,36196,31615,29848,36640,36148,27858
33366,32676,32927,32402,32308,37154,36196,31615,29848,36640,36148,27858
33584,32710,32949,32595,31832,36024,36296,31796,30708,36570,36116,27720
33958,32733,33003,32597,31832,36024,36296,31796,30708,36570,36116,27720
35630,32753,33060,32461,31832,36024,36296,31796,30708,36570,36116,27720
37048,32767,32875,32466,31832,36024,36296,31796,30708,36570,36116,27720
36064,32611,32923,32555,31832,36024,36296,31796,30708,36570,36116,27720
34118,32183,33063,32866,31832,36024,36296,31796,30708,36570,36116,27720
32853,31807,33109,33010,31832,36024,36296,31796,30708,36570,36116,27720
32020,31565,33111,32972,31832,36024,36296,31796,30708,36570,36116,27720
31632,31450,33081,32740,31832,36024,36296,31796,30708,36570,36116,27720
31547,31593,32951,32541,31832,36024,36296,31796,30708,36570,36116,27720
31321,31871,32759,31844,31920,36240,35764,32156,32064,36120,36545,27592
31239,31746,32729,31719,31920,36240,35764,32156,32064,36120,36545,27592
31898,31527,32880,32123,31920,36240,35764,32156,32064,36120,36545,27592
32218,31761,32927,32821,31920,36240,35764,32156,32064,36120,36545,27592
32627,31895,32866,33356,31920,36240,35764,32156,32064,36120,36545,27592
33409,32111,32715,33596,31920,36240,35764,32156,32064,36120,36545,27592
32903,32391,32725,33729,31920,36240,35764,32156,32064,36120,36545,27592
32103,32043,32583,33877,31920,36240,35764,32156,32064,36120,36545,27592
31739,32570,32327,33426,31920,36240,35764,32156,32064,36120,36545,27592
32075,33151,32239,33383,31920,36240,35764,32156,32064,36120,36545,27592
32827,33427,32219,33281,32362,36512,35412,32412,32897,36166,36714,27517
32529,33223,32356,33219,32362,36512,35412,32412,32897,36166,36714,27517
31727,32463,32385,33279,32362,36512,35412,32412,32897,36166,36714,27517
32120,32915,32327,33049,32362,36512,35412,32412,32897,36166,36714,27517
32823,33396,32230,32569,32362,36512,35412,32412,32897,36166,36714,27517
32179,33554,32199,32564,32362,36512,35412,32412,32897,36166,36714,27517
34358,33580,32123,32837,32362,36512,35412,32412,32897,36166,36714,27517
35637,33637,32072,32831,32362,36512,35412,32412,32897,36166,36714,27517
35625,33154,32076,33112,32362,36512,35412,32412,32897,36166,36714,27517
34128,32931,32263,33285,32362,36512,35412,32412,32897,36166,36714,27517
33396,32583,32505,33136,33292,36553,35746,32532,32572,36589,36481,27420
33175,32837,32525,32887,33292,36553,35746,32532,32572,36589,36481,27420
32788,33081,32606,32738,33292,36553,35746,32532,32572,36589,36481,27420
31940,33205,32515,32668,33292,36553,35746,32532,32572,36589,36481,27420
30846,33270,32415,32558,33292,36553,35746,32532,32572,36589,36481,27420
30727,33121,32580,32668,33292,36553,35746,32532,32572,36589,36481,27420
30988,33175,32858,32839,33292,36553,35746,32532,32572,36589,36481,27420
31577,33186,32893,32911,33292,36553,35746,32532,32572,36589,36481,27420
31934,33067,32911,32790,33292,36553,35746,32532,32572,36589,36481,27420
32130,32935,32868,32887,33292,36553,35746,32532,32572,36589,36481,27420
32361,33058,32877,33211,33936,36856,35680,32404,32244,36892,36500,27450
33095,33516,32801,32974,33936,36856,35680,32404,32244,36892,36500,27450
33431,33543,32834,32058,33936,36856,35680,32404,32244,36892,36500,27450
33451,32651,32786,31933,33936,36856,35680,32404,32244,36892,36500,27450
32987,31495,32928,32315,33936,36856,35680,32404,32244,36892,36500,27450
32734,31492,32924,32919,33936,36856,35680,32404,32244,36892,36500,27450
32737,31814,32975,33313,33936,36856,35680,32404,32244,36892,36500,27450
32227,32078,33002,33363,33936,36856,35680,32404,32244,36892,36500,27450
32228,32141,32935,33133,33936,36856,35680,32404,32244,36892,36500,27450
32263,32294,32971,33011,33936,36856,35680,32404,32244,36892,36500,27450
31928,32556,32903,32939,34500,37224,35492,32352,32418,37412,36306,27414
31879,32583,32741,32555,34500,37224,35492,32352,32418,37412,36306,27414
31683,32626,32731,32607,34500,37224,35492,32352,32418,37412,36306,27414
32481,32819,32935,32767,34500,37224,35492,32352,32418,37412,36306,27414
32775,33227,32935,32641,34500,37224,35492,32352,32418,37412,36306,27414
33287,33480,32873,32398,34500,37224,35492,32352,32418,37412,36306,27414
34041,33093,32934,32457,34500,37224,35492,32352,32418,37412,36306,27414
33769,32456,32907,32707,34500,37224,35492,32352,32418,37412,36306,27414
33786,32213,32827,33069,34500,37224,35492,32352,32418,37412,36306,27414
34043,32072,32775,33029,34500,37224,35492,32352,32418,37412,36306,27414
33584,32367,32877,32783,34488,37400,35378,32208,32524,37636,36088,27434
33033,32735,33023,32821,34488,37400,35378,32208,32524,37636,36088,27434
32501,32895,33120,32933,34488,37400,35378,32208,32524,37636,36088,27434
32470,32988,33095,32839,34488,37400,35378,32208,32524,37636,36088,27434
32519,33010,33061,32696,34488,37400,35378,32208,32524,37636,36088,27434
32519,32912,33061,32564,34488,37400,35378,32208,32524,37636,36088,27434
32763,32883,32909,32655,34488,37400,35378,32208,32524,37636,36088,27434
33229,33019,32983,32860,34488,37400,35378,32208,32524,37636,36088,27434
33300,33067,32877,32690,34488,37400,35378,32208,32524,37636,36088,27434
33060,32955,32941,32573,34488,37400,35378,32208,32524,37636,36088,27434
32953,32903,33011,32667,34200,37248,35190,31969,32168,37416,35692,27552
32890,32852,33071,32722,34200,37248,35190,31969,32168,37416,35692,27552
32789,32969,32961,32689,34200,37248,35190,31969,32168,37416,35692,27552
32827,32937,32876,32651,34200,37248,35190,31969,32168,37416,35692,27552
32872,32743,32903,32587,34200,37248,35190,31969,32168,37416,35692,27552
32740,32583,32931,32842,34200,37248,35190,31969,32168,37416,35692,27552
32780,32231,32933,33113,34200,37248,35190,31969,32168,37416,35692,27552
32768,31973,32871,32667,34200,37248,35190,31969,32168,37416,35692,27552
32799,31903,32903,32854,34200,37248,35190,31969,32168,37416,35692,27552
32770,32411,32940,33027,34200,37248,35190,31969,32168,37416,35692,27552
32729,32956,32915,32806,33704,36914,35120,31834,32230,37044,35952,27632
32596,33433,32838,32790,33704,36914,35120,31834,32230,37044,35952,27632
32332,33435,32853,32958,33704,36914,35120,31834,32230,37044,35952,27632
32263,33131,32811,32934,33704,36914,35120,31834,32230,37044,35952,27632
32240,32902,32568,32658,33704,36914,35120,31834,32230,37044,35952,27632
32745,32727,32783,32051,33704,36914,35120,31834,32230,37044,35952,27632
32853,32774,32785,32278,33704,36914,35120,31834,32230,37044,35952,27632
32914,32709,32783,32882,33704,36914,35120,31834,32230,37044,35952,27632
32662,32847,32727,33214,33704,36914,35120,31834,32230,37044,35952,27632
32532,32623,32697,33194,33704,36914,35120,31834,32230,37044,35952,27632
32752,32475,32729,33005,33440,37106,35158,31800,32120,36730,35904,27664
32965,32606,32899,33098,33440,37106,35158,31800,32120,36730,35904,27664
33070,32469,32855,33200,33440,37106,35158,31800,32120,36730,35904,27664
33122,32846,32673,32983,33440,37106,35158,31800,32120,36730,35904,27664
33236,32935,32819,32647,33440,37106,35158,31800,32120,36730,35904,27664
33100,32967,32775,32693,33440,37106,35158,31800,32120,36730,35904,27664
32522,33009,32819,32929,33440,37106,35158,31800,32120,36730,35904,27664
32274,33117,32791,33110,33440,37106,35158,31800,32120,36730,35904,27664
32471,33153,32887,32960,33440,37106,35158,31800,32120,36730,35904,27664
32704,33234,32871,32893,33440,37106,35158,31800,32120,36730,35904,27664
32813,33092,32967,32743,33480,36955,35352,31856,32259,36824,36052,27627
32791,32956,33093,32514,33480,36955,35352,31856,32259,36824,36052,27627
32687,32797,33071,32300,33480,36955,35352,31856,32259,36824,36052,27627
32663,32634,33062,32024,33480,36955,35352,31856,32259,36824,36052,27627
32861,32673,32991,32558,33480,36955,35352,31856,32259,36824,36052,27627
32924,32549,32903,32713,33480,36955,35352,31856,32259,36824,36052,27627
32972,32422,32856,33070,33480,36955,35352,31856,32259,36824,36052,27627
32961,32386,32903,33039,33480,36955,35352,31856,32259,36824,36052,27627
32980,32327,32962,33060,33480,36955,35352,31856,32259,36824,36052,27627
32931,32430,33070,32992,33480,36955,35352,31856,32259,36824,36052,27627
32896,32495,33105,33054,33913,36972,35300,31938,32464,36968,36052,27711
32857,32659,33044,32530,33913,36972,35300,31938,32464,36968,36052,27711
32929,32511,32999,32421,33913,36972,35300,31938,32464,36968,36052,27711
32894,32305,32989,32225,33913,36972,35300,31938,32464,36968,36052,27711
32853,32253,32994,32572,33913,36972,35300,31938,32464,36968,36052,27711
32856,32291,32934,33247,33913,36972,35300,31938,32464,36968,36052,27711
32846,32155,32914,33603,33913,36972,35300,31938,32464,36968,36052,27711
32828,32394,32839,33126,33913,36972,35300,31938,32464,36968,36052,27711
32866,32519,32804,33057,33913,36972,35300,31938,32464,36968,36052,27711
32834,32718,32835,32952,33913,36972,35300,31938,32464,36968,36052,27711
32802,32727,32749,32851,34436,37004,35200,32104,32770,37337,35788,27752
32778,32619,32740,33078,34436,37004,35200,32104,32770,37337,35788,27752
32775,32669,32731,32991,34436,37004,35200,32104,32770,37337,35788,27752
32706,32911,32763,32891,34436,37004,35200,32104,32770,37337,35788,27752
32559,33047,32791,33098,34436,37004,35200,32104,32770,37337,35788,27752
32541,33094,32722,32696,34436,37004,35200,32104,32770,37337,35788,27752
32482,32976,32716,32391,34436,37004,35200,32104,32770,37337,35788,27752
32436,32861,32789,32391,34436,37004,35200,32104,32770,37337,35788,27752
32361,32893,32815,32321,34436,37004,35200,32104,32770,37337,35788,27752
32297,33142,32864,31949,34436,37004,35200,32104,32770,37337,35788,27752
32262,32967,32813,32318,34792,37186,35092,32180,33296,37592,35552,27782
32193,32949,32901,32404,34792,37186,35092,32180,33296,37592,35552,27782
32187,33071,32850,32713,34792,37186,35092,32180,33296,37592,35552,27782
32153,33007,32815,32639,34792,37186,35092,32180,33296,37592,35552,27782
32263,32949,32754,32571,34792,37186,35092,32180,33296,37592,35552,27782
32331,32738,32615,32973,34792,37186,35092,32180,33296,37592,35552,27782
32400,32903,32605,32455,34792,37186,35092,32180,33296,37592,35552,27782
32472,33086,32575,32463,34792,37186,35092,32180,33296,37592,35552,27782
32629,33141,32611,33097,34792,37186,35092,32180,33296,37592,35552,27782
32715,33170,32763,33181,34792,37186,35092,32180,33296,37592,35552,27782
32729,33351,32774,32857,35008,37212,34960,32193,33492,37684,35304,27928
32786,33202,32786,32727,35008,37212,34960,32193,33492,37684,35304,27928
32985,32798,32724,32771,35008,37212,34960,32193,33492,37684,35304,27928
33130,32893,32701,32375,35008,37212,34960,32193,33492,37684,35304,27928
33216,32775,32617,32605,35008,37212,34960,32193,33492,37684,35304,27928
33136,32535,32480,33099,35008,37212,34960,32193,33492,37684,35304,27928
33069,31851,32460,33444,35008,37212,34960,32193,33492,37684,35304,27928
33075,31852,32419,33350,35008,37212,34960,32193,33492,37684,35304,27928
32962,32035,32427,33155,35008,37212,34960,32193,33492,37684,35304,27928
32833,32285,32501,32800,35008,37212,34960,32193,33492,37684,35304,27928
32804,32118,32647,32499,35018,37053,34724,32272,33412,37644,35056,28004
32713,32047,32667,32699,35018,37053,34724,32272,33412,37644,35056,28004
32702,31891,32658,32935,35018,37053,34724,32272,33412,37644,35056,28004
32674,32773,32688,32620,35018,37053,34724,32272,33412,37644,35056,28004
32694,32993,32603,32367,35018,37053,34724,32272,33412,37644,35056,28004
32653,32741,32595,32426,35018,37053,34724,32272,33412,37644,35056,28004
32725,32615,32749,32628,35018,37053,34724,32272,33412,37644,35056,28004
32704,31805,32943,32880,35018,37053,34724,32272,33412,37644,35056,28004
32701,31032,32999,33055,35018,37053,34724,32272,33412,37644,35056,28004
32686,31517,32991,32843,35018,37053,34724,32272,33412,37644,35056,28004
32590,32297,32925,32838,35008,36848,34408,32325,32822,37397,34852,28070
32620,32591,33150,32667,35008,36848,34408,32325,32822,37397,34852,28070
32593,32871,33213,32763,35008,36848,34408,32325,32822,37397,34852,28070
32651,32943,33057,32717,35008,36848,34408,32325,32822,37397,34852,28070
32703,32877,32573,32607,35008,36848,34408,32325,32822,37397,34852,28070
32743,32931,32179,32587,35008,36848,34408,32325,32822,37397,34852,28070
32749,33061,32055,32707,35008,36848,34408,32325,32822,37397,34852,28070
32833,33213,32110,32916,35008,36848,34408,32325,32822,37397,34852,28070
32857,33031,32324,32903,35008,36848,34408,32325,32822,37397,34852,28070
32914,32727,32629,32815,35008,36848,34408,32325,32822,37397,34852,28070
32926,32643,32998,32630,34826,36664,34426,32180,32438,37156,34714,28240
32952,32822,33297,32699,34826,36664,34426,32180,32438,37156,34714,28240
32900,33013,33447,32908,34826,36664,34426,32180,32438,37156,34714,28240
32868,33058,33526,32931,34826,36664,34426,32180,32438,37156,34714,28240
32818,32909,33707,32813,34826,36664,34426,32180,32438,37156,34714,28240
32850,32754,33505,32723,34826,36664,34426,32180,32438,37156,34714,28240
32917,33068,33279,32588,34826,36664,34426,32180,32438,37156,34714,28240
32905,33254,33035,32768,34826,36664,34426,32180,32438,37156,34714,28240
32951,32806,32671,32979,34826,36664,34426,32180,32438,37156,34714,28240
32944,32487,32541,33051,34826,36664,34426,32180,32438,37156,34714,28240
32901,32493,32514,33094,34516,36474,34360,32266,32306,37112,34412,28336
32864,32799,32383,32767,34516,36474,34360,32266,32306,37112,34412,28336
32824,32595,32375,32615,34516,36474,34360,32266,32306,37112,34412,28336
32825,32775,32200,32621,34516,36474,34360,32266,32306,37112,34412,28336
32775,32875,32228,32583,34516,36474,34360,32266,32306,37112,34412,28336
32775,32473,32404,32714,34516,36474,34360,32266,32306,37112,34412,28336
32770,32407,32399,32948,34516,36474,34360,32266,32306,37112,34412,28336
32635,32867,32274,32890,34516,36474,34360,32266,32306,37112,34412,28336
32646,32429,32112,32679,34516,36474,34360,32266,32306,37112,34412,28336
32589,32080,31899,32701,34516,36474,34360,32266,32306,37112,34412,28336
32645,31869,31818,32818,34409,36538,34176,32276,31920,37040,34284,28440
32688,31671,31795,32961,34409,36538,34176,32276,31920,37040,34284,28440
32600,31889,32044,32251,34409,36538,34176,32276,31920,37040,34284,28440
32626,31944,32103,32035,34409,36538,34176,32276,31920,37040,34284,28440
32648,31730,32187,32187,34409,36538,34176,32276,31920,37040,34284,28440
32671,31347,32263,32120,34409,36538,34176,32276,31920,37040,34284,28440
32711,30875,32449,31827,34409,36538,34176,32276,31920,37040,34284,28440
32780,30155,32423,31993,34409,36538,34176,32276,31920,37040,34284,28440
32852,28930,32583,32483,34409,36538,34176,32276,31920,37040,34284,28440
32880,26905,32862,33152,34409,36538,34176,32276,31920,37040,34284,28440
32799,26039,33011,34564,34468,36814,34236,32264,31712,36780,34316,28508
32914,29963,33061,34083,34468,36814,34236,32264,31712,36780,34316,28508
32904,34311,33111,34279,34468,36814,34236,32264,31712,36780,34316,28508
33001,37618,33031,34491,34468,36814,34236,32264,31712,36780,34316,28508
32996,39738,33098,33551,34468,36814,34236,32264,31712,36780,34316,28508
32994,40922,32989,33035,34468,36814,34236,32264,31712,36780,34316,28508
33072,40390,32975,32859,34468,36814,34236,32264,31712,36780,34316,28508
33095,38815,32903,32279,34468,36814,34236,32264,31712,36780,34316,28508
33027,38105,32871,31891,34468,36814,34236,32264,31712,36780,34316,28508
32984,38318,32899,32041,34468,36814,34236,32264,31712,36780,34316,28508
32929,39127,32854,32198,34386,36878,34221,32185,31944,37216,34236,28573
32922,38919,32873,32590,34386,36878,34221,32185,31944,37216,34236,28573
33008,37879,32882,32933,34386,36878,34221,32185,31944,37216,34236,28573
32981,37383,32863,32990,34386,36878,34221,32185,31944,37216,34236,28573
32994,36768,32950,32834,34386,36878,34221,32185,31944,37216,34236,28573
33136,35765,33047,32807,34386,36878,34221,32185,31944,37216,34236,28573
33080,33755,32954,33447,34386,36878,34221,32185,31944,37216,34236,28573
33165,32065,33003,33097,34386,36878,34221,32185,31944,37216,34236,28573
33158,31257,33126,33135,34386,36878,34221,32185,31944,37216,34236,28573
33222,31324,33186,32947,34386,36878,34221,32185,31944,37216,34236,28573
33264,31282,33143,32295,34224,37048,34362,32344,32016,37260,34280,28664
33269,31202,33055,31906,34224,37048,34362,32344,32016,37260,34280,28664
33153,31147,32930,32141,34224,37048,34362,32344,32016,37260,34280,28664
33043,30978,32999,32351,34224,37048,34362,32344,32016,37260,34280,28664
32820,31082,33109,32367,34224,37048,34362,32344,32016,37260,34280,28664
32635,31015,33099,32521,34224,37048,34362,32344,32016,37260,34280,28664
32463,30954,33067,33061,34224,37048,34362,32344,32016,37260,34280,28664
32388,30621,32903,33001,34224,37048,34362,32344,32016,37260,34280,28664
32311,30445,32870,32393,34224,37048,34362,32344,32016,37260,34280,28664
32263,30401,33039,32227,34224,37048,34362,32344,32016,37260,34280,28664
32352,30317,32928,32727,34117,37104,34368,32330,31928,37068,34234,28700
32497,30393,32848,34254,34117,37104,34368,32330,31928,37068,34234,28700
32755,30455,32797,34711,34117,37104,34368,32330,31928,37068,34234,28700
33041,30670,32603,33764,34117,37104,34368,32330,31928,37068,34234,28700
33267,31059,32599,32903,34117,37104,34368,32330,31928,37068,34234,28700
33499,31497,32610,32647,34117,37104,34368,32330,31928,37068,34234,28700
33688,31870,32631,32652,34117,37104,34368,32330,31928,37068,34234,28700
33741,31991,32723,32685,34117,37104,34368,32330,31928,37068,34234,28700
33799,32123,32738,32791,34117,37104,34368,32330,31928,37068,34234,28700
33606,32279,32699,31875,34117,37104,34368,32330,31928,37068,34234,28700
33509,32310,32599,31215,33824,36940,34332,32472,32048,37104,34250,28733
33327,32429,32567,30983,33824,36940,34332,32472,32048,37104,34250,28733
33141,32499,32667,31159,33824,36940,34332,32472,32048,37104,34250,28733
32824,32590,32723,31664,33824,36940,34332,32472,32048,37104,34250,28733
32548,32541,32689,32967,33824,36940,34332,32472,32048,37104,34250,28733
32329,32226,32579,34132,33824,36940,34332,32472,32048,37104,34250,28733
32213,32393,32627,34873,33824,36940,34332,32472,32048,37104,34250,28733
32082,32771,32711,34553,33824,36940,34332,32472,32048,37104,34250,28733
32045,33057,32820,33694,33824,36940,34332,32472,32048,37104,34250,28733
32012,33199,32869,32322,33824,36940,34332,32472,32048,37104,34250,28733
31959,33399,32943,31396,33706,37072,34148,32540,32066,37008,34188,28812
31925,33517,32968,31175,33706,37072,34148,32540,32066,37008,34188,28812
31873,33485,32980,31111,33706,37072,34148,32540,32066,37008,34188,28812
31862,33759,32999,31168,33706,37072,34148,32540,32066,37008,34188,28812
31824,33709,32815,31780,33706,37072,34148,32540,32066,37008,34188,28812
31822,33315,32843,32506,33706,37072,34148,32540,32066,37008,34188,28812
31815,33022,32919,32867,33706,37072,34148,32540,32066,37008,34188,28812
31828,32946,32921,34541,33706,37072,34148,32540,32066,37008,34188,28812
31912,32787,32900,37189,33706,37072,34148,32540,32066,37008,34188,28812
31950,32469,32950,36169,33706,37072,34148,32540,32066,37008,34188,28812
32109,32309,32934,33755,33656,37160,33970,32482,31996,36930,34044,28835
32231,32478,32858,33973,33656,37160,33970,32482,31996,36930,34044,28835
32339,32549,32721,33951,33656,37160,33970,32482,31996,36930,34044,28835
32492,32671,32805,32344,33656,37160,33970,32482,31996,36930,34044,28835
32598,33153,32935,31143,33656,37160,33970,32482,31996,36930,34044,28835
32621,33301,32927,31437,33656,37160,33970,32482,31996,36930,34044,28835
32641,33247,32839,32181,33656,37160,33970,32482,31996,36930,34044,28835
32647,33282,32853,33247,33656,37160,33970,32482,31996,36930,34044,28835
32726,33045,32693,33179,33656,37160,33970,32482,31996,36930,34044,28835
32700,33095,32712,32996,33656,37160,33970,32482,31996,36930,34044,28835
32627,32760,32755,32754,33760,37129,33792,32500,31988,36988,33834,28901
32624,32711,32775,32634,33760,37129,33792,32500,31988,36988,33834,28901
32606,31812,32751,32431,33760,37129,33792,32500,31988,36988,33834,28901
32629,31654,32726,32367,33760,37129,33792,32500,31988,36988,33834,28901
32674,32426,32681,32441,33760,37129,33792,32500,31988,36988,33834,28901
32693,32667,32559,32551,33760,37129,33792,32500,31988,36988,33834,28901
32729,33122,32494,32667,33760,37129,33792,32500,31988,36988,33834,28901
32771,33511,32675,32371,33760,37129,33792,32500,31988,36988,33834,28901
32842,33435,32834,32282,33760,37129,33792,32500,31988,36988,33834,28901
32836,33129,32791,32596,33760,37129,33792,32500,31988,36988,33834,28901
32868,32675,32724,32851,33932,37112,33464,32656,31969,36972,33836,28976
32822,32522,32717,32638,33932,37112,33464,32656,31969,36972,33836,28976
32811,32256,32623,32413,33932,37112,33464,32656,31969,36972,33836,28976
32807,32331,32682,32634,33932,37112,33464,32656,31969,36972,33836,28976
32886,32387,32847,33257,33932,37112,33464,32656,31969,36972,33836,28976
32918,32573,32804,33623,33932,37112,33464,32656,31969,36972,33836,28976
32884,32871,32783,33409,33932,37112,33464,32656,31969,36972,33836,28976
33012,33023,32766,32859,33932,37112,33464,32656,31969,36972,33836,28976
33040,33304,32659,32707,33932,37112,33464,32656,31969,36972,33836,28976
32971,33287,32662,32890,33932,37112,33464,32656,31969,36972,33836,28976
33034,33367,32806,32967,34054,36964,33402,32632,31796,37008,33824,29042
32936,33298,32930,32407,34054,36964,33402,32632,31796,37008,33824,29042
32981,33151,32854,31175,34054,36964,33402,32632,31796,37008,33824,29042
33062,33379,32873,31233,34054,36964,33402,32632,31796,37008,33824,29042
33100,33218,32791,32878,34054,36964,33402,32632,31796,37008,33824,29042
33034,32943,32711,33793,34054,36964,33402,32632,31796,37008,33824,29042
33120,33315,32729,32734,34054,36964,33402,32632,31796,37008,33824,29042
33140,33199,32914,32159,34054,36964,33402,32632,31796,37008,33824,29042
33146,32751,32893,32275,34054,36964,33402,32632,31796,37008,33824,29042
33170,32196,32833,32476,34054,36964,33402,32632,31796,37008,33824,29042
33127,30813,32767,33271,34248,36996,33456,32592,31864,37032,33768,29050
33077,30272,32859,33556,34248,36996,33456,32592,31864,37032,33768,29050
33021,29974,32918,33472,34248,36996,33456,32592,31864,37032,33768,29050
32969,30665,32889,33215,34248,36996,33456,32592,31864,37032,33768,29050
32914,31545,32883,32827,34248,36996,33456,32592,31864,37032,33768,29050
32960,31887,32744,32509,34248,36996,33456,32592,31864,37032,33768,29050
32940,32007,32935,32362,34248,36996,33456,32592,31864,37032,33768,29050
33010,32033,32954,32293,34248,36996,33456,32592,31864,37032,33768,29050
32998,31803,32957,32487,34248,36996,33456,32592,31864,37032,33768,29050
32983,31587,32839,32818,34248,36996,33456,32592,31864,37032,33768,29050
33043,31444,32768,32879,34360,36840,33720,32508,32018,37044,33864,29084
33077,31123,32871,32583,34360,36840,33720,32508,32018,37044,33864,29084
32985,32383,32895,32423,34360,36840,33720,32508,32018,37044,33864,29084
33010,33519,33024,32647,34360,36840,33720,32508,32018,37044,33864,29084
32930,34191,32987,32567,34360,36840,33720,32508,32018,37044,33864,29084
32920,34459,32952,32355,34360,36840,33720,32508,32018,37044,33864,29084
32848,34527,32971,32734,34360,36840,33720,32508,32018,37044,33864,29084
32836,34607,32887,32243,34360,36840,33720,32508,32018,37044,33864,29084
32756,34463,32838,31071,34360,36840,33720,32508,32018,37044,33864,29084
32713,34119,32759,31156,34360,36840,33720,32508,32018,37044,33864,29084
32689,33739,32903,32366,34436,36585,34100,32644,31862,36757,34124,29112
32689,33045,32946,32834,34436,36585,34100,32644,31862,36757,34124,29112
32654,32791,32901,32685,34436,36585,34100,32644,31862,36757,34124,29112
32701,32960,32863,34096,34436,36585,34100,32644,31862,36757,34124,29112
32663,32795,32739,34683,34436,36585,34100,32644,31862,36757,34124,29112
32604,32707,32665,34654,34436,36585,34100,32644,31862,36757,34124,29112
32612,32635,32711,35271,34436,36585,34100,32644,31862,36757,34124,29112
32672,32330,32841,34466,34436,36585,34100,32644,31862,36757,34124,29112
32667,32261,32895,33437,34436,36585,34100,32644,31862,36757,34124,29112
32717,32350,32903,32370,34436,36585,34100,32644,31862,36757,34124,29112
32760,32370,32835,31773,34369,36600,34301,32491,31664,36804,34208,29144
32834,32007,32845,32559,34369,36600,34301,32491,31664,36804,34208,29144
32912,31645,32775,33126,34369,36600,34301,32491,31664,36804,34208,29144
32914,31535,32817,34522,34369,36600,34301,32491,31664,36804,34208,29144
32915,31379,32859,33400,34369,36600,34301,32491,31664,36804,34208,29144
32902,30827,32876,32075,34369,36600,34301,32491,31664,36804,34208,29144
32805,29490,32823,32583,34369,36600,34301,32491,31664,36804,34208,29144
32830,31475,32678,33318,34369,36600,34301,32491,31664,36804,34208,29144
32837,33735,32630,32923,34369,36600,34301,32491,31664,36804,34208,29144
32738,34447,32719,31951,34369,36600,34301,32491,31664,36804,34208,29144
32656,35143,32800,30959,34192,36716,34552,32562,31724,36780,34376,29140
32566,35259,32775,30913,34192,36716,34552,32562,31724,36780,34376,29140
32589,34781,32790,32324,34192,36716,34552,32562,31724,36780,34376,29140
32425,34331,32788,33677,34192,36716,34552,32562,31724,36780,34376,29140
32363,34617,32789,34027,34192,36716,34552,32562,31724,36780,34376,29140
32324,35066,32720,33550,34192,36716,34552,32562,31724,36780,34376,29140
32328,35031,32775,32911,34192,36716,34552,32562,31724,36780,34376,29140
32305,34727,32631,33439,34192,36716,34552,32562,31724,36780,34376,29140
32300,34425,32750,33153,34192,36716,34552,32562,31724,36780,34376,29140
32302,34340,32893,32043,34192,36716,34552,32562,31724,36780,34376,29140
32236,33717,32791,31545,34153,36904,34608,32552,31812,37068,34508,29114
32222,32575,32799,31079,34153,36904,34608,32552,31812,37068,34508,29114
32327,31815,32857,31557,34153,36904,34608,32552,31812,37068,34508,29114
32387,31685,32788,33415,34153,36904,34608,32552,31812,37068,34508,29114
32487,31943,32578,33723,34153,36904,34608,32552,31812,37068,34508,29114
32615,32023,32584,32295,34153,36904,34608,32552,31812,37068,34508,29114
32687,31849,32647,31697,34153,36904,34608,32552,31812,37068,34508,29114
32704,31773,32702,32182,34153,36904,34608,32552,31812,37068,34508,29114
32754,32022,32717,33647,34153,36904,34608,32552,31812,37068,34508,29114
32775,32550,32709,33643,34153,36904,34608,32552,31812,37068,34508,29114
32851,32898,32643,33127,34152,37128,34616,32562,32051,37288,34552,29112
32932,33138,32626,33679,34152,37128,34616,32562,32051,37288,34552,29112
32999,32813,32684,34439,34152,37128,34616,32562,32051,37288,34552,29112
33045,32199,32807,33954,34152,37128,34616,32562,32051,37288,34552,29112
32997,32364,32729,32441,34152,37128,34616,32562,32051,37288,34552,29112
33046,32146,32719,31315,34152,37128,34616,32562,32051,37288,34552,29112
32968,30945,32752,32166,34152,37128,34616,32562,32051,37288,34552,29112
33042,31111,32810,32171,34152,37128,34616,32562,32051,37288,34552,29112
32962,31247,32629,32031,34152,37128,34616,32562,32051,37288,34552,29112
32918,30547,32620,32475,34152,37128,34616,32562,32051,37288,34552,29112
32981,31730,32790,32784,34296,37280,34632,32481,32348,37628,34600,29096
32876,32610,32786,32813,34296,37280,34632,32481,32348,37628,34600,29096
32835,32486,32685,33113,34296,37280,34632,32481,32348,37628,34600,29096
32818,32651,32645,33283,34296,37280,34632,32481,32348,37628,34600,29096
32841,33474,32671,33232,34296,37280,34632,32481,32348,37628,34600,29096
32765,33315,32691,32797,34296,37280,34632,32481,32348,37628,34600,29096
32747,33093,32822,32553,34296,37280,34632,32481,32348,37628,34600,29096
32793,32998,32789,32456,34296,37280,34632,32481,32348,37628,34600,29096
32736,33138,32706,32263,34296,37280,34632,32481,32348,37628,34600,29096
32735,33168,32802,32359,34296,37280,34632,32481,32348,37628,34600,29096
32891,32796,32667,32299,34428,37528,34664,32564,32364,37768,34601,29092
32831,32799,32725,32559,34428,37528,34664,32564,32364,37768,34601,29092
32794,33010,32806,33253,34428,37528,34664,32564,32364,37768,34601,29092
32839,33181,32814,32185,34428,37528,34664,32564,32364,37768,34601,29092
32895,33391,32775,31260,34428,37528,34664,32564,32364,37768,34601,29092
32869,33577,32797,31893,34428,37528,34664,32564,32364,37768,34601,29092
32904,33671,32807,33444,34428,37528,34664,32564,32364,37768,34601,29092
32912,33631,32774,34375,34428,37528,34664,32564,32364,37768,34601,29092
32976,33344,32903,33770,34428,37528,34664,32564,32364,37768,34601,29092
32919,33596,32947,32722,34428,37528,34664,32564,32364,37768,34601,29092
32882,33693,32711,31933,34600,37552,34594,32456,32469,37832,34484,29042
32824,33047,32694,31863,34600,37552,34594,32456,32469,37832,34484,29042
32858,32955,32873,32858,34600,37552,34594,32456,32469,37832,34484,29042
32780,32803,32831,33338,34600,37552,34594,32456,32469,37832,34484,29042
32804,31791,32867,33367,34600,37552,34594,32456,32469,37832,34484,29042
32752,31295,32725,33271,34600,37552,34594,32456,32469,37832,34484,29042
32657,31349,32681,33639,34600,37552,34594,32456,32469,37832,34484,29042
32675,31915,32659,33366,34600,37552,34594,32456,32469,37832,34484,29042
32691,32111,32863,33209,34600,37552,34594,32456,32469,37832,34484,29042
32660,31175,32761,33344,34600,37552,34594,32456,32469,37832,34484,29042
32718,31467,32731,32735,34733,37450,34464,32564,32488,37926,34296,29064
32661,32183,32592,32968,34733,37450,34464,32564,32488,37926,34296,29064
32690,32294,32527,32963,34733,37450,34464,32564,32488,37926,34296,29064
32751,32535,32568,32530,34733,37450,34464,32564,32488,37926,34296,29064
32740,32838,32749,31359,34733,37450,34464,32564,32488,37926,34296,29064
32804,32805,32866,31118,34733,37450,34464,32564,32488,37926,34296,29064
32882,32669,32758,30587,34733,37450,34464,32564,32488,37926,34296,29064
32819,32955,32764,30339,34733,37450,34464,32564,32488,37926,34296,29064
32834,33169,32596,30319,34733,37450,34464,32564,32488,37926,34296,29064
32916,33110,32775,30645,34733,37450,34464,32564,32488,37926,34296,29064
32876,32983,32832,31009,34720,37328,34089,32484,32518,37868,34240,29046
32932,33016,32761,32569,34720,37328,34089,32484,32518,37868,34240,29046
32938,33043,32922,37437,34720,37328,34089,32484,32518,37868,34240,29046
32950,33031,32804,36753,34720,37328,34089,32484,32518,37868,34240,29046
32984,33207,32831,36039,34720,37328,34089,32484,32518,37868,34240,29046
32984,34045,32891,37892,34720,37328,34089,32484,32518,37868,34240,29046
33068,34267,32955,37782,34720,37328,34089,32484,32518,37868,34240,29046
33087,34001,33009,34127,34720,37328,34089,32484,32518,37868,34240,29046
33102,34134,32994,32690,34720,37328,34089,32484,32518,37868,34240,29046
33106,33334,32948,32806,34720,37328,34089,32484,32518,37868,34240,29046
33178,32959,32775,32589,34724,37344,33850,32464,32380,37660,34136,29004
33126,32843,32821,31618,34724,37344,33850,32464,32380,37660,34136,29004
33129,31215,32883,31300,34724,37344,33850,32464,32380,37660,34136,29004
33116,30448,32841,31739,34724,37344,33850,32464,32380,37660,34136,29004
33057,30909,32747,31326,34724,37344,33850,32464,32380,37660,34136,29004
33034,32540,32621,30108,34724,37344,33850,32464,32380,37660,34136,29004
32966,32281,32562,30311,34724,37344,33850,32464,32380,37660,34136,29004
32887,31473,32736,31977,34724,37344,33850,32464,32380,37660,34136,29004
32855,31251,32755,33183,34724,37344,33850,32464,32380,37660,34136,29004
32726,31935,32775,32661,34724,37344,33850,32464,32380,37660,34136,29004
32651,31831,32693,32867,34568,37692,33592,32340,31916,37648,34072,28988
32551,31947,32759,33455,34568,37692,33592,32340,31916,37648,34072,28988
32500,32377,32774,33413,34568,37692,33592,32340,31916,37648,34072,28988
32504,32927,32735,33123,34568,37692,33592,32340,31916,37648,34072,28988
32436,33527,32576,32239,34568,37692,33592,32340,31916,37648,34072,28988
32420,33863,32655,32042,34568,37692,33592,32340,31916,37648,34072,28988
32365,33863,32709,32409,34568,37692,33592,32340,31916,37648,34072,28988
32373,33753,32694,32327,34568,37692,33592,32340,31916,37648,34072,28988
32404,33735,32704,32176,34568,37692,33592,32340,31916,37648,34072,28988
32393,33833,32609,32212,34568,37692,33592,32340,31916,37648,34072,28988
32405,33783,32703,32291,34186,38032,33508,32308,31523,37704,33950,28904
32481,33639,32802,32191,34186,38032,33508,32308,31523,37704,33950,28904
32469,33669,33199,31891,34186,38032,33508,32308,31523,37704,33950,28904
32545,33502,33272,32479,34186,38032,33508,32308,31523,37704,33950,28904
32620,33209,32933,33505,34186,38032,33508,32308,31523,37704,33950,28904
32651,33103,32967,33991,34186,38032,33508,32308,31523,37704,33950,28904
32690,33283,32951,34267,34186,38032,33508,32308,31523,37704,33950,28904
32744,33223,32809,35725,34186,38032,33508,32308,31523,37704,33950,28904
32756,33251,32583,34519,34186,38032,33508,32308,31523,37704,33950,28904
32789,33407,32551,34579,34186,38032,33508,32308,31523,37704,33950,28904
32804,33357,32715,33821,34024,38308,33450,32453,31352,37869,33664,28819
32866,33262,32679,32103,34024,38308,33450,32453,31352,37869,33664,28819
32924,33307,32768,31645,34024,38308,33450,32453,31352,37869,33664,28819
32874,33079,32623,32255,34024,38308,33450,32453,31352,37869,33664,28819
32964,33215,32591,32555,34024,38308,33450,32453,31352,37869,33664,28819
32945,33517,32864,32559,34024,38308,33450,32453,31352,37869,33664,28819
32943,33623,33020,32255,34024,38308,33450,32453,31352,37869,33664,28819
32956,33643,32930,31987,34024,38308,33450,32453,31352,37869,33664,28819
32956,33425,32775,31335,34024,38308,33450,32453,31352,37869,33664,28819
32955,33014,32711,30540,34024,38308,33450,32453,31352,37869,33664,28819
32845,32519,32775,30629,34096,38352,33432,32312,31372,38076,33512,28756
32932,31847,32844,32150,34096,38352,33432,32312,31372,38076,33512,28756
32943,31689,32731,33740,34096,38352,33432,32312,31372,38076,33512,28756
32921,32007,32775,34269,34096,38352,33432,32312,31372,38076,33512,28756
32873,32211,32802,34147,34096,38352,33432,32312,31372,38076,33512,28756
32804,32129,33025,33927,34096,38352,33432,32312,31372,38076,33512,28756
32803,32228,32967,33203,34096,38352,33432,32312,31372,38076,33512,28756
32858,32279,33010,32899,34096,38352,33432,32312,31372,38076,33512,28756
32857,32431,32879,32925,34096,38352,33432,32312,31372,38076,33512,28756
32827,32375,32719,32758,34096,38352,33432,32312,31372,38076,33512,28756
32866,32221,32871,32590,34282,38556,33152,32325,31394,38280,33468,28633
32950,31975,33077,32735,34282,38556,33152,32325,31394,38280,33468,28633
32921,31811,33007,32798,34282,38556,33152,32325,31394,38280,33468,28633
33011,31935,32871,32671,34282,38556,33152,32325,31394,38280,33468,28633
33022,31964,32855,32560,34282,38556,33152,32325,31394,38280,33468,28633
33003,31815,32719,32596,34282,38556,33152,32325,31394,38280,33468,28633
32932,31827,32475,32857,34282,38556,33152,32325,31394,38280,33468,28633
32883,31835,32453,32869,34282,38556,33152,32325,31394,38280,33468,28633
32844,31897,32551,32675,34282,38556,33152,32325,31394,38280,33468,28633
32729,31967,32783,32548,34282,38556,33152,32325,31394,38280,33468,28633
32668,32103,32861,32784,34456,39196,32712,32250,31528,38641,33276,28484
32525,32293,32932,32775,34456,39196,32712,32250,31528,38641,33276,28484
32449,32242,32826,32886,34456,39196,32712,32250,31528,38641,33276,28484
32356,32319,32774,32695,34456,39196,32712,32250,31528,38641,33276,28484
32313,32501,32866,32566,34456,39196,32712,32250,31528,38641,33276,28484
32285,32275,32858,32853,34456,39196,32712,32250,31528,38641,33276,28484
32223,32527,32863,32914,34456,39196,32712,32250,31528,38641,33276,28484
32207,32578,32903,32658,34456,39196,32712,32250,31528,38641,33276,28484
32134,33013,32912,32807,34456,39196,32712,32250,31528,38641,33276,28484
32170,33015,32873,32893,34456,39196,32712,32250,31528,38641,33276,28484
32165,33040,32711,32718,34477,39802,32176,32264,31812,39468,32888,28328
32187,32997,32487,32658,34477,39802,32176,32264,31812,39468,32888,28328
32260,33034,32463,32767,34477,39802,32176,32264,31812,39468,32888,28328
32244,33031,32511,32798,34477,39802,32176,32264,31812,39468,32888,28328
32332,33071,32535,32627,34477,39802,32176,32264,31812,39468,32888,28328
32402,33109,32543,32791,34477,39802,32176,32264,31812,39468,32888,28328
32486,33005,32693,32946,34477,39802,32176,32264,31812,39468,32888,28328
32452,33171,32766,32867,34477,39802,32176,32264,31812,39468,32888,28328
32532,33327,32846,32709,34477,39802,32176,32264,31812,39468,32888,28328
32552,33186,33015,32599,34477,39802,32176,32264,31812,39468,32888,28328
32663,33186,33003,32797,34554,40240,31362,32304,32152,40272,32316,28077
32655,33155,32943,32794,34554,40240,31362,32304,32152,40272,32316,28077
32626,33034,32999,32831,34554,40240,31362,32304,32152,40272,32316,28077
32672,32873,33003,32783,34554,40240,31362,32304,32152,40272,32316,28077
32717,32951,32956,32671,34554,40240,31362,32304,32152,40272,32316,28077
32823,32967,32892,32748,34554,40240,31362,32304,32152,40272,32316,28077
32905,32937,32796,32867,34554,40240,31362,32304,32152,40272,32316,28077
32888,32831,32766,32790,34554,40240,31362,32304,32152,40272,32316,28077
32922,32717,32935,32607,34554,40240,31362,32304,32152,40272,32316,28077
33003,32703,32809,32691,34554,40240,31362,32304,32152,40272,32316,28077
33116,32715,32815,32891,34732,40634,30260,32482,32312,41010,31676,27848
33090,32563,32723,32922,34732,40634,30260,32482,32312,41010,31676,27848
33072,32567,32762,32957,34732,40634,30260,32482,32312,41010,31676,27848
33060,32609,32647,33031,34732,40634,30260,32482,32312,41010,31676,27848
32985,32545,32554,33163,34732,40634,30260,32482,32312,41010,31676,27848
32905,32530,32610,33148,34732,40634,30260,32482,32312,41010,31676,27848
32797,32631,32715,32775,34732,40634,30260,32482,32312,41010,31676,27848
32728,32687,32743,32500,34732,40634,30260,32482,32312,41010,31676,27848
32740,32713,32678,32596,34732,40634,30260,32482,32312,41010,31676,27848
32595,32750,32535,32467,34732,40634,30260,32482,32312,41010,31676,27848
32681,32839,32559,32457,34990,40624,29408,32366,32260,41560,30736,27480
32728,32775,32775,32751,34990,40624,29408,32366,32260,41560,30736,27480
32849,32860,32775,32747,34990,40624,29408,32366,32260,41560,30736,27480
32912,32907,32791,32753,34990,40624,29408,32366,32260,41560,30736,27480
33030,32461,32815,32745,34990,40624,29408,32366,32260,41560,30736,27480
33085,31901,32807,32659,34990,40624,29408,32366,32260,41560,30736,27480
33082,31779,32713,32765,34990,40624,29408,32366,32260,41560,30736,27480
33214,31914,32474,32927,34990,40624,29408,32366,32260,41560,30736,27480
33253,32177,32736,32860,34990,40624,29408,32366,32260,41560,30736,27480
33253,32519,32667,32811,34990,40624,29408,32366,32260,41560,30736,27480
33257,32647,32677,32821,35376,40288,29560,32448,32332,42026,29955,27166
33277,32595,32591,32837,35376,40288,29560,32448,32332,42026,29955,27166
33240,32631,32607,32804,35376,40288,29560,32448,32332,42026,29955,27166
33310,32727,32641,32603,35376,40288,29560,32448,32332,42026,29955,27166
33216,32741,32818,32673,35376,40288,29560,32448,32332,42026,29955,27166
33250,32989,32712,32890,35376,40288,29560,32448,32332,42026,29955,27166
33246,33051,32739,32983,35376,40288,29560,32448,32332,42026,29955,27166
33139,33114,32999,32962,35376,40288,29560,32448,32332,42026,29955,27166
33098,33113,33055,32735,35376,40288,29560,32448,32332,42026,29955,27166
33050,33147,33031,32678,35376,40288,29560,32448,32332,42026,29955,27166
32961,33211,32775,32656,35825,39964,29730,32440,32132,41880,29933,26786
32873,33159,32898,32727,35825,39964,29730,32440,32132,41880,29933,26786
32818,33091,32895,32793,35825,39964,29730,32440,32132,41880,29933,26786
32815,32821,32835,32888,35825,39964,29730,32440,32132,41880,29933,26786
32841,32858,32795,32850,35825,39964,29730,32440,32132,41880,29933,26786
32809,32789,32713,32647,35825,39964,29730,32440,32132,41880,29933,26786
32656,32794,32831,32639,35825,39964,29730,32440,32132,41880,29933,26786
32601,32769,32884,32713,35825,39964,29730,32440,32132,41880,29933,26786
32602,32991,32743,32847,35825,39964,29730,32440,32132,41880,29933,26786
32615,32867,32663,32711,35825,39964,29730,32440,32132,41880,29933,26786
32673,32731,32577,32726,36260,39168,30040,32196,31996,41296,30888,26448
32632,33087,32455,32803,36260,39168,30040,32196,31996,41296,30888,26448
32664,33170,32623,32940,36260,39168,30040,32196,31996,41296,30888,26448
32640,33159,32594,32986,36260,39168,30040,32196,31996,41296,30888,26448
32612,33063,32621,32775,36260,39168,30040,32196,31996,41296,30888,26448
32626,32975,32539,32626,36260,39168,30040,32196,31996,41296,30888,26448
32566,32615,32620,32827,36260,39168,30040,32196,31996,41296,30888,26448
32662,32447,32511,32872,36260,39168,30040,32196,31996,41296,30888,26448
32701,32799,32627,32839,36260,39168,30040,32196,31996,41296,30888,26448
32767,32809,32647,32543,36260,39168,30040,32196,31996,41296,30888,26448
32817,32698,32671,32735,36396,38468,30596,32260,31944,40408,32304,26072
32845,32910,32679,32959,36396,38468,30596,32260,31944,40408,32304,26072
32824,32505,32814,32823,36396,38468,30596,32260,31944,40408,32304,26072
32937,31302,32927,32789,36396,38468,30596,32260,31944,40408,32304,26072
32856,31355,32949,32677,36396,38468,30596,32260,31944,40408,32304,26072
32658,31614,32803,32753,36396,38468,30596,32260,31944,40408,32304,26072
32656,31983,32846,32863,36396,38468,30596,32260,31944,40408,32304,26072
32846,32827,32895,32724,36396,38468,30596,32260,31944,40408,32304,26072
33000,34036,32955,32578,36396,38468,30596,32260,31944,40408,32304,26072
32968,35203,32883,32742,36396,38468,30596,32260,31944,40408,32304,26072
32690,35863,32847,32830,35872,37760,31552,31872,31792,39016,33888,25664
32304,36133,32810,32919,35872,37760,31552,31872,31792,39016,33888,25664
31922,35951,32805,32791,35872,37760,31552,31872,31792,39016,33888,25664
31699,35789,32931,32601,35872,37760,31552,31872,31792,39016,33888,25664
31672,35442,32886,32699,35872,37760,31552,31872,31792,39016,33888,25664
31799,34994,32812,32787,35872,37760,31552,31872,31792,39016,33888,25664
31972,34291,32667,32919,35872,37760,31552,31872,31792,39016,33888,25664
32158,33229,32651,32614,35872,37760,31552,31872,31792,39016,33888,25664
32481,32341,32674,32628,35872,37760,31552,31872,31792,39016,33888,25664
32820,31420,32843,32801,35872,37760,31552,31872,31792,39016,33888,25664
33127,30893,32728,32845,35308,37226,32784,31780,31597,37568,35752,25272
33386,30455,32723,32887,35308,37226,32784,31780,31597,37568,35752,25272
33698,31691,32571,32843,35308,37226,32784,31780,31597,37568,35752,25272
33957,32561,32719,32652,35308,37226,32784,31780,31597,37568,35752,25272
34135,32663,32796,32703,35308,37226,32784,31780,31597,37568,35752,25272
34167,32724,32847,32792,35308,37226,32784,31780,31597,37568,35752,25272
34172,33165,32835,32863,35308,37226,32784,31780,31597,37568,35752,25272
34018,33422,32730,32755,35308,37226,32784,31780,31597,37568,35752,25272
33796,33427,32737,32699,35308,37226,32784,31780,31597,37568,35752,25272
33477,33234,32749,32687,35308,37226,32784,31780,31597,37568,35752,25272
33040,32555,32856,32677,34746,37562,34472,31376,31208,36946,37280,24930
32647,32096,32868,32720,34746,37562,34472,31376,31208,36946,37280,24930
32271,31896,32844,32851,34746,37562,34472,31376,31208,36946,37280,24930
31926,31822,32623,32934,34746,37562,34472,31376,31208,36946,37280,24930
31698,31767,32813,32906,34746,37562,34472,31376,31208,36946,37280,24930
31459,31727,32839,32773,34746,37562,34472,31376,31208,36946,37280,24930
31267,31545,32684,32597,34746,37562,34472,31376,31208,36946,37280,24930
31095,31181,32571,32673,34746,37562,34472,31376,31208,36946,37280,24930
31007,30793,32688,32735,34746,37562,34472,31376,31208,36946,37280,24930
30943,30823,32667,32800,34746,37562,34472,31376,31208,36946,37280,24930
30912,30660,32695,32857,34528,37592,35474,31028,31524,36716,38340,24660
30996,30959,32595,32867,34528,37592,35474,31028,31524,36716,38340,24660
31018,31890,32598,32775,34528,37592,35474,31028,31524,36716,38340,24660
31136,32470,32782,32603,34528,37592,35474,31028,31524,36716,38340,24660
31339,32397,32770,32589,34528,37592,35474,31028,31524,36716,38340,24660
31480,32309,32843,32703,34528,37592,35474,31028,31524,36716,38340,24660
31704,32182,32825,32773,34528,37592,35474,31028,31524,36716,38340,24660
31926,31924,32972,32844,34528,37592,35474,31028,31524,36716,38340,24660
32239,32118,33174,32839,34528,37592,35474,31028,31524,36716,38340,24660
32619,32183,33065,32803,34528,37592,35474,31028,31524,36716,38340,24660
33056,32135,32933,32632,34660,38748,37044,30557,32240,37140,39444,24221
33578,32220,33177,32636,34660,38748,37044,30557,32240,37140,39444,24221
34005,32607,33397,32774,34660,38748,37044,30557,32240,37140,39444,24221
34346,32896,33253,32932,34660,38748,37044,30557,32240,37140,39444,24221
34450,32949,32903,32997,34660,38748,37044,30557,32240,37140,39444,24221
34359,32937,32677,32895,34660,38748,37044,30557,32240,37140,39444,24221
34043,32797,32372,32775,34660,38748,37044,30557,32240,37140,39444,24221
33799,32692,32319,32956,34660,38748,37044,30557,32240,37140,39444,24221
33573,32690,32331,32925,34660,38748,37044,30557,32240,37140,39444,24221
33391,32689,32384,32597,34660,38748,37044,30557,32240,37140,39444,24221
33295,32786,32438,32676,34764,39384,37570,30203,32688,37568,40904,23803
33272,32960,32519,32898,34764,39384,37570,30203,32688,37568,40904,23803
33166,33005,32558,32673,34764,39384,37570,30203,32688,37568,40904,23803
33090,32967,32485,32609,34764,39384,37570,30203,32688,37568,40904,23803
32843,33056,32607,32836,34764,39384,37570,30203,32688,37568,40904,23803
32674,32955,32688,32914,34764,39384,37570,30203,32688,37568,40904,23803
32469,32991,32813,32711,34764,39384,37570,30203,32688,37568,40904,23803
32349,32793,32925,32611,34764,39384,37570,30203,32688,37568,40904,23803
32254,32580,32983,32711,34764,39384,37570,30203,32688,37568,40904,23803
32210,32317,32914,32809,34764,39384,37570,30203,32688,37568,40904,23803
32297,32022,32679,32814,34972,40552,38746,29876,32608,37332,40208,23488
32453,31792,32551,32903,34972,40552,38746,29876,32608,37332,40208,23488
32646,31796,32643,32912,34972,40552,38746,29876,32608,37332,40208,23488
32854,31787,32722,32860,34972,40552,38746,29876,32608,37332,40208,23488
33010,32115,32557,32873,34972,40552,38746,29876,32608,37332,40208,23488
33222,32597,32587,32719,34972,40552,38746,29876,32608,37332,40208,23488
33356,33016,32429,32638,34972,40552,38746,29876,32608,37332,40208,23488
33500,33013,32313,32732,34972,40552,38746,29876,32608,37332,40208,23488
33523,32805,32367,32831,34972,40552,38746,29876,32608,37332,40208,23488
33572,32655,32399,32946,34972,40552,38746,29876,32608,37332,40208,23488
33540,32570,32811,33008,34322,40416,38788,29840,33133,37320,39264,23018
33594,32583,32795,32956,34322,40416,38788,29840,33133,37320,39264,23018
33448,32519,32667,32941,34322,40416,38788,29840,33133,37320,39264,23018
33361,32621,32636,32944,34322,40416,38788,29840,33133,37320,39264,23018
33277,32998,32655,32773,34322,40416,38788,29840,33133,37320,39264,23018
33165,33414,32745,32646,34322,40416,38788,29840,33133,37320,39264,23018
33035,33745,32735,32735,34322,40416,38788,29840,33133,37320,39264,23018
32864,34043,32993,32711,34322,40416,38788,29840,33133,37320,39264,23018
32699,34338,32985,32714,34322,40416,38788,29840,33133,37320,39264,23018
32530,34631,32696,32854,34322,40416,38788,29840,33133,37320,39264,23018
32420,34819,32466,32887,33864,40234,38416,29834,32856,36850,38309,22690
32376,34987,32518,32744,33864,40234,38416,29834,32856,36850,38309,22690
32274,34815,32611,32833,33864,40234,38416,29834,32856,36850,38309,22690
32327,34601,32838,32887,33864,40234,38416,29834,32856,36850,38309,22690
32348,34098,32885,32907,33864,40234,38416,29834,32856,36850,38309,22690
32431,33855,33186,32883,33864,40234,38416,29834,32856,36850,38309,22690
32540,33607,32887,32754,33864,40234,38416,29834,32856,36850,38309,22690
32634,33362,32627,32554,33864,40234,38416,29834,32856,36850,38309,22690
32800,33151,32544,32583,33864,40234,38416,29834,32856,36850,38309,22690
32864,33065,32762,32717,33864,40234,38416,29834,32856,36850,38309,22690
32968,32838,33144,32733,33680,39520,37954,29952,33080,36104,37986,22322
33040,32423,33175,32917,33680,39520,37954,29952,33080,36104,37986,22322
33095,32336,33078,32974,33680,39520,37954,29952,33080,36104,37986,22322
33164,32205,33343,32887,33680,39520,37954,29952,33080,36104,37986,22322
33092,32029,33255,32902,33680,39520,37954,29952,33080,36104,37986,22322
33052,31548,32947,32821,33680,39520,37954,29952,33080,36104,37986,22322
32973,31205,32932,32729,33680,39520,37954,29952,33080,36104,37986,22322
32946,30561,32990,32877,33680,39520,37954,29952,33080,36104,37986,22322
32870,29897,32885,32817,33680,39520,37954,29952,33080,36104,37986,22322
32829,29304,33015,32919,33680,39520,37954,29952,33080,36104,37986,22322
32756,28757,32960,32911,33808,38788,37072,29933,32968,34832,39516,21840
32690,27843,32863,32812,33808,38788,37072,29933,32968,34832,39516,21840
32728,27414,33090,32857,33808,38788,37072,29933,32968,34832,39516,21840
32637,32063,32989,32876,33808,38788,37072,29933,32968,34832,39516,21840
32684,35321,32838,32917,33808,38788,37072,29933,32968,34832,39516,21840
32604,36960,32969,32798,33808,38788,37072,29933,32968,34832,39516,21840
32637,37541,32802,32651,33808,38788,37072,29933,32968,34832,39516,21840
32567,37458,32483,32664,33808,38788,37072,29933,32968,34832,39516,21840
32549,37564,32294,32684,33808,38788,37072,29933,32968,34832,39516,21840
32502,36351,32432,32855,33808,38788,37072,29933,32968,34832,39516,21840
32482,36486,32569,32898,34256,38072,36440,30020,33136,33584,39344,21556
32504,37010,32985,32918,34256,38072,36440,30020,33136,33584,39344,21556
32545,36748,33232,32897,34256,38072,36440,30020,33136,33584,39344,21556
32557,35992,33364,32832,34256,38072,36440,30020,33136,33584,39344,21556
32558,35335,33277,32719,34256,38072,36440,30020,33136,33584,39344,21556
32555,34676,33239,32697,34256,38072,36440,30020,33136,33584,39344,21556
32495,33922,33392,32659,34256,38072,36440,30020,33136,33584,39344,21556
32493,33075,33655,32663,34256,38072,36440,30020,33136,33584,39344,21556
32535,32327,33737,32698,34256,38072,36440,30020,33136,33584,39344,21556
32719,31681,33643,32825,34256,38072,36440,30020,33136,33584,39344,21556
32861,31233,33298,32772,34954,37817,35944,30004,33296,33504,39077,21402
32900,30770,33317,32903,34954,37817,35944,30004,33296,33504,39077,21402
32972,30583,32874,32873,34954,37817,35944,30004,33296,33504,39077,21402
32926,30423,32502,32882,34954,37817,35944,30004,33296,33504,39077,21402
32958,30395,32290,32807,34954,37817,35944,30004,33296,33504,39077,21402
32888,30445,32405,32772,34954,37817,35944,30004,33296,33504,39077,21402
32873,30592,32461,32667,34954,37817,35944,30004,33296,33504,39077,21402
32818,30804,32680,32659,34954,37817,35944,30004,33296,33504,39077,21402
32816,30929,32511,32770,34954,37817,35944,30004,33296,33504,39077,21402
32746,30681,32775,32896,34954,37817,35944,30004,33296,33504,39077,21402
32684,30688,32854,32909,35328,37704,35884,29848,33332,33354,38648,21152
32595,30916,32677,32903,35328,37704,35884,29848,33332,33354,38648,21152
32592,31138,32238,32855,35328,37704,35884,29848,33332,33354,38648,21152
32575,31350,32281,32859,35328,37704,35884,29848,33332,33354,38648,21152
32651,31597,32301,32839,35328,37704,35884,29848,33332,33354,38648,21152
32774,31975,32231,32887,35328,37704,35884,29848,33332,33354,38648,21152
32886,32253,32354,32922,35328,37704,35884,29848,33332,33354,38648,21152
33001,32359,32533,32719,35328,37704,35884,29848,33332,33354,38648,21152
33064,32478,32618,32633,35328,37704,35884,29848,33332,33354,38648,21152
32980,32255,32560,32621,35328,37704,35884,29848,33332,33354,38648,21152
32979,32247,32750,32621,35464,37720,36108,29562,33204,33692,38424,20968
32998,32423,32679,32669,35464,37720,36108,29562,33204,33692,38424,20968
32955,32338,32745,32539,35464,37720,36108,29562,33204,33692,38424,20968
32765,32283,33190,32641,35464,37720,36108,29562,33204,33692,38424,20968
32557,32490,33243,32550,35464,37720,36108,29562,33204,33692,38424,20968
32440,32676,32861,32570,35464,37720,36108,29562,33204,33692,38424,20968
32297,32791,32979,32569,35464,37720,36108,29562,33204,33692,38424,20968
32198,32793,32945,32633,35464,37720,36108,29562,33204,33692,38424,20968
32208,32694,33047,32802,35464,37720,36108,29562,33204,33692,38424,20968
32065,32716,33103,32831,35464,37720,36108,29562,33204,33692,38424,20968
32006,33003,32667,32883,35364,37452,36312,29302,32864,33942,37866,21088
31906,33166,32342,32941,35364,37452,36312,29302,32864,33942,37866,21088
31821,33202,32253,33005,35364,37452,36312,29302,32864,33942,37866,21088
31801,33122,32519,32930,35364,37452,36312,29302,32864,33942,37866,21088
31820,33346,32613,32838,35364,37452,36312,29302,32864,33942,37866,21088
31780,33576,32988,32845,35364,37452,36312,29302,32864,33942,37866,21088
31926,33627,33195,32834,35364,37452,36312,29302,32864,33942,37866,21088
32089,33468,32639,32733,35364,37452,36312,29302,32864,33942,37866,21088
32192,33317,32198,32775,35364,37452,36312,29302,32864,33942,37866,21088
32292,33479,32560,32844,35364,37452,36312,29302,32864,33942,37866,21088
32576,33575,32827,32617,35464,37518,36288,28992,32620,33684,37888,21004
32698,33510,32495,32477,35464,37518,36288,28992,32620,33684,37888,21004
32917,33543,32274,32674,35464,37518,36288,28992,32620,33684,37888,21004
33184,33611,32693,32833,35464,37518,36288,28992,32620,33684,37888,21004
33564,33830,32767,32933,35464,37518,36288,28992,32620,33684,37888,21004
33751,34086,32871,32836,35464,37518,36288,28992,32620,33684,37888,21004
33906,34311,33885,32907,35464,37518,36288,28992,32620,33684,37888,21004
34060,34777,34635,32794,35464,37518,36288,28992,32620,33684,37888,21004
34098,35316,34135,32785,35464,37518,36288,28992,32620,33684,37888,21004
34098,35239,33607,32594,35464,37518,36288,28992,32620,33684,37888,21004
34040,34839,33583,32585,35026,36944,36232,28586,32682,33328,37952,20932
33953,34613,33629,32568,35026,36944,36232,28586,32682,33328,37952,20932
33700,34543,33705,32489,35026,36944,36232,28586,32682,33328,37952,20932
33476,34055,33485,32550,35026,36944,36232,28586,32682,33328,37952,20932
33280,33541,32871,32730,35026,36944,36232,28586,32682,33328,37952,20932
33107,32787,32893,32768,35026,36944,36232,28586,32682,33328,37952,20932
32859,30551,32871,33024,35026,36944,36232,28586,32682,33328,37952,20932
32718,29039,32807,33114,35026,36944,36232,28586,32682,33328,37952,20932
32493,29959,32488,33075,35026,36944,36232,28586,32682,33328,37952,20932
32348,29869,32455,32914,35026,36944,36232,28586,32682,33328,37952,20932
32182,29579,32242,32830,34576,36986,36308,28452,32848,32852,37644,21113
32086,30287,32051,32903,34576,36986,36308,28452,32848,32852,37644,21113
32028,32029,32110,32833,34576,36986,36308,28452,32848,32852,37644,21113
31992,33523,32058,32562,34576,36986,36308,28452,32848,32852,37644,21113
31931,32791,31911,32503,34576,36986,36308,28452,32848,32852,37644,21113
31830,32439,31751,32608,34576,36986,36308,28452,32848,32852,37644,21113
31783,32147,31504,32651,34576,36986,36308,28452,32848,32852,37644,21113
31785,32117,31568,32833,34576,36986,36308,28452,32848,32852,37644,21113
31892,31724,31695,32852,34576,36986,36308,28452,32848,32852,37644,21113
31949,31547,32135,32922,34576,36986,36308,28452,32848,32852,37644,21113
31948,30933,32483,33084,34344,36640,36312,28314,33197,32988,37410,21066
32009,30439,32455,33126,34344,36640,36312,28314,33197,32988,37410,21066
32156,32489,33165,33023,34344,36640,36312,28314,33197,32988,37410,21066
32341,33038,34091,32914,34344,36640,36312,28314,33197,32988,37410,21066
32494,33146,35373,32563,34344,36640,36312,28314,33197,32988,37410,21066
32576,33107,35812,32477,34344,36640,36312,28314,33197,32988,37410,21066
32562,32937,34295,32543,34344,36640,36312,28314,33197,32988,37410,21066
32607,32775,32487,32679,34344,36640,36312,28314,33197,32988,37410,21066
32800,32711,31583,32814,34344,36640,36312,28314,33197,32988,37410,21066
32912,32974,31404,32711,34344,36640,36312,28314,33197,32988,37410,21066
33197,33880,31327,32567,34098,36128,36196,28421,33508,32982,37476,21108
33360,34359,31324,32651,34098,36128,36196,28421,33508,32982,37476,21108
33547,33858,31783,32583,34098,36128,36196,28421,33508,32982,37476,21108
33719,33885,32002,32758,34098,36128,36196,28421,33508,32982,37476,21108
33854,33799,31719,32895,34098,36128,36196,28421,33508,32982,37476,21108
33948,33485,31559,32741,34098,36128,36196,28421,33508,32982,37476,21108
33926,32743,31768,32690,34098,36128,36196,28421,33508,32982,37476,21108
33886,32634,32618,32650,34098,36128,36196,28421,33508,32982,37476,21108
33772,33197,33159,32765,34098,36128,36196,28421,33508,32982,37476,21108
33532,33530,33367,32647,34098,36128,36196,28421,33508,32982,37476,21108
33262,33243,33263,32567,34024,35992,36005,28528,33404,32752,37328,21090
33092,32455,33351,32890,34024,35992,36005,28528,33404,32752,37328,21090
32966,31920,34278,33067,34024,35992,36005,28528,33404,32752,37328,21090
32761,31867,34998,32967,34024,35992,36005,28528,33404,32752,37328,21090
32672,32621,34379,32775,34024,35992,36005,28528,33404,32752,37328,21090
32487,32597,33381,32858,34024,35992,36005,28528,33404,32752,37328,21090
32432,32722,32920,32824,34024,35992,36005,28528,33404,32752,37328,21090
32430,32754,33011,32729,34024,35992,36005,28528,33404,32752,37328,21090
32390,32782,32782,32751,34024,35992,36005,28528,33404,32752,37328,21090
32420,33154,32279,32756,34024,35992,36005,28528,33404,32752,37328,21090
32435,31010,32091,32943,34128,35888,35792,28656,33530,32818,37384,21140
32569,30683,31919,33061,34128,35888,35792,28656,33530,32818,37384,21140
32720,31207,31781,33027,34128,35888,35792,28656,33530,32818,37384,21140
32756,32084,31672,32819,34128,35888,35792,28656,33530,32818,37384,21140
32814,32885,32044,32715,34128,35888,35792,28656,33530,32818,37384,21140
32931,33283,32285,32448,34128,35888,35792,28656,33530,32818,37384,21140
33027,33882,32455,32770,34128,35888,35792,28656,33530,32818,37384,21140
33116,33783,32690,32999,34128,35888,35792,28656,33530,32818,37384,21140
33124,34556,33109,33144,34128,35888,35792,28656,33530,32818,37384,21140
33181,35661,33938,32984,34128,35888,35792,28656,33530,32818,37384,21140
33158,36218,34366,32747,33872,35640,35952,28848,33544,32800,37476,21174
33124,35399,34446,32789,33872,35640,35952,28848,33544,32800,37476,21174
33047,33887,34143,32747,33872,35640,35952,28848,33544,32800,37476,21174
32893,32831,33530,32631,33872,35640,35952,28848,33544,32800,37476,21174
32722,32624,33071,32657,33872,35640,35952,28848,33544,32800,37476,21174
32584,33018,32994,32615,33872,35640,35952,28848,33544,32800,37476,21174
32606,34888,32959,32691,33872,35640,35952,28848,33544,32800,37476,21174
32530,35373,32880,32820,33872,35640,35952,28848,33544,32800,37476,21174
32488,34635,32681,32929,33872,35640,35952,28848,33544,32800,37476,21174
32420,33103,32479,32940,33872,35640,35952,28848,33544,32800,37476,21174
32499,32087,32297,32727,33952,35636,35696,29048,33608,32960,37392,21306
32386,32199,32276,32594,33952,35636,35696,29048,33608,32960,37392,21306
32379,30948,32207,32946,33952,35636,35696,29048,33608,32960,37392,21306
32376,28328,32344,33255,33952,35636,35696,29048,33608,32960,37392,21306
32368,28653,32403,33220,33952,35636,35696,29048,33608,32960,37392,21306
32424,32402,32597,33060,33952,35636,35696,29048,33608,32960,37392,21306
32433,32834,32581,32887,33952,35636,35696,29048,33608,32960,37392,21306
32480,30743,32601,32577,33952,35636,35696,29048,33608,32960,37392,21306
32456,29847,32601,32487,33952,35636,35696,29048,33608,32960,37392,21306
32493,30891,32504,32562,33952,35636,35696,29048,33608,32960,37392,21306
32574,31073,32654,32859,34005,35504,35500,29184,33484,33048,37236,21437
32656,31182,32683,32885,34005,35504,35500,29184,33484,33048,37236,21437
32706,31111,32834,32925,34005,35504,35500,29184,33484,33048,37236,21437
32738,30716,32809,32918,34005,35504,35500,29184,33484,33048,37236,21437
32828,31229,32819,32850,34005,35504,35500,29184,33484,33048,37236,21437
32900,32079,32805,32630,34005,35504,35500,29184,33484,33048,37236,21437
32960,33373,32735,32711,34005,35504,35500,29184,33484,33048,37236,21437
33086,33623,32381,33023,34005,35504,35500,29184,33484,33048,37236,21437
33136,33119,32249,32817,34005,35504,35500,29184,33484,33048,37236,21437
33182,32546,31887,32577,34005,35504,35500,29184,33484,33048,37236,21437
33162,33138,31361,32535,34026,35446,35504,29316,33360,33328,37163,21552
33142,33613,30528,32604,34026,35446,35504,29316,33360,33328,37163,21552
33097,33475,29743,32797,34026,35446,35504,29316,33360,33328,37163,21552
33049,33307,29665,32941,34026,35446,35504,29316,33360,33328,37163,21552
33159,33453,29980,32887,34026,35446,35504,29316,33360,33328,37163,21552
33129,33503,30880,32866,34026,35446,35504,29316,33360,33328,37163,21552
33092,33217,31773,32863,34026,35446,35504,29316,33360,33328,37163,21552
33050,32577,33221,32834,34026,35446,35504,29316,33360,33328,37163,21552
33095,32607,34788,32799,34026,35446,35504,29316,33360,33328,37163,21552
33064,32760,36068,32848,34026,35446,35504,29316,33360,33328,37163,21552
33057,32914,37112,32858,34160,35360,35280,29392,33184,33504,37296,21798
32966,33281,38653,32692,34160,35360,35280,29392,33184,33504,37296,21798
32846,33479,37536,32639,34160,35360,35280,29392,33184,33504,37296,21798
32766,33695,36517,32691,34160,35360,35280,29392,33184,33504,37296,21798
32771,34074,35334,32571,34160,35360,35280,29392,33184,33504,37296,21798
32551,33980,33643,32442,34160,35360,35280,29392,33184,33504,37296,21798
32495,33598,31899,32366,34160,35360,35280,29392,33184,33504,37296,21798
32425,33131,31213,32358,34160,35360,35280,29392,33184,33504,37296,21798
32443,33282,30647,32579,34160,35360,35280,29392,33184,33504,37296,21798
32421,32549,30590,32694,34160,35360,35280,29392,33184,33504,37296,21798
32468,32605,30791,32955,34274,35250,35304,29497,33252,33648,37236,22009
32452,32674,31131,32921,34274,35250,35304,29497,33252,33648,37236,22009
32492,31735,31235,32864,34274,35250,35304,29497,33252,33648,37236,22009
32432,31632,31421,32871,34274,35250,35304,29497,33252,33648,37236,22009
32408,34045,31674,32957,34274,35250,35304,29497,33252,33648,37236,22009
32341,34390,31813,33065,34274,35250,35304,29497,33252,33648,37236,22009
32347,33511,31799,32951,34274,35250,35304,29497,33252,33648,37236,22009
32358,33110,32094,32818,34274,35250,35304,29497,33252,33648,37236,22009
32416,32366,32349,32761,34274,35250,35304,29497,33252,33648,37236,22009
32300,31521,32527,32729,34274,35250,35304,29497,33252,33648,37236,22009
32328,30720,33007,32684,34298,35276,35362,29532,33252,34068,37240,22226
32346,31388,33517,32610,34298,35276,35362,29532,33252,34068,37240,22226
32338,33991,33684,32725,34298,35276,35362,29532,33252,34068,37240,22226
32386,34671,33439,32740,34298,35276,35362,29532,33252,34068,37240,22226
32353,33894,33599,32834,34298,35276,35362,29532,33252,34068,37240,22226
32392,31959,33604,32804,34298,35276,35362,29532,33252,34068,37240,22226
32386,31871,33390,32738,34298,35276,35362,29532,33252,34068,37240,22226
32420,31991,33069,32799,34298,35276,35362,29532,33252,34068,37240,22226
32473,32335,32716,32765,34298,35276,35362,29532,33252,34068,37240,22226
32588,32395,32359,32527,34298,35276,35362,29532,33252,34068,37240,22226
32716,33017,32170,32593,34320,35316,35168,29602,33120,34484,36978,22532
32674,34767,32389,32763,34320,35316,35168,29602,33120,34484,36978,22532
32745,35292,32539,32797,34320,35316,35168,29602,33120,34484,36978,22532
32824,34741,33015,32843,34320,35316,35168,29602,33120,34484,36978,22532
32985,33287,33164,32983,34320,35316,35168,29602,33120,34484,36978,22532
33028,32303,33161,32877,34320,35316,35168,29602,33120,34484,36978,22532
33159,32188,33050,32807,34320,35316,35168,29602,33120,34484,36978,22532
33194,30756,33058,32741,34320,35316,35168,29602,33120,34484,36978,22532
33272,29270,32975,32834,34320,35316,35168,29602,33120,34484,36978,22532
33315,32614,32754,32927,34320,35316,35168,29602,33120,34484,36978,22532
33365,33677,32607,33054,34298,35438,35018,29720,33092,34652,36912,22776
33382,32989,32434,32889,34298,35438,35018,29720,33092,34652,36912,22776
33424,32135,32327,32629,34298,35438,35018,29720,33092,34652,36912,22776
33460,31247,32435,32595,34298,35438,35018,29720,33092,34652,36912,22776
33465,32427,32371,32580,34298,35438,35018,29720,33092,34652,36912,22776
33414,32706,32399,32655,34298,35438,35018,29720,33092,34652,36912,22776
33260,33783,32575,32839,34298,35438,35018,29720,33092,34652,36912,22776
33333,34205,33343,32871,34298,35438,35018,29720,33092,34652,36912,22776
33260,34021,33761,32835,34298,35438,35018,29720,33092,34652,36912,22776
33297,33499,33457,32880,34298,35438,35018,29720,33092,34652,36912,22776
33307,31564,32710,32930,34316,35256,34952,29850,33276,34906,37052,23073
33206,31447,32667,33172,34316,35256,34952,29850,33276,34906,37052,23073
33177,32662,33454,33015,34316,35256,34952,29850,33276,34906,37052,23073
33203,32851,34153,32667,34316,35256,34952,29850,33276,34906,37052,23073
33142,32031,34257,32423,34316,35256,34952,29850,33276,34906,37052,23073
33106,32137,33275,32450,34316,35256,34952,29850,33276,34906,37052,23073
32916,33021,32347,32551,34316,35256,34952,29850,33276,34906,37052,23073
32885,33223,32379,32813,34316,35256,34952,29850,33276,34906,37052,23073
32826,32869,32556,32803,34316,35256,34952,29850,33276,34906,37052,23073
32745,32523,32661,32763,34316,35256,34952,29850,33276,34906,37052,23073
32684,32227,32446,32678,34540,35184,34920,29976,33402,34848,36928,23400
32696,32166,32421,32543,34540,35184,34920,29976,33402,34848,36928,23400
32542,32895,32815,32553,34540,35184,34920,29976,33402,34848,36928,23400
32444,33757,33335,32742,34540,35184,34920,29976,33402,34848,36928,23400
32384,33593,33077,32775,34540,35184,34920,29976,33402,34848,36928,23400
32362,33927,33007,32853,34540,35184,34920,29976,33402,34848,36928,23400
32276,34479,32818,32675,34540,35184,34920,29976,33402,34848,36928,23400
32223,34353,32683,32707,34540,35184,34920,29976,33402,34848,36928,23400
32221,33522,32547,32902,34540,35184,34920,29976,33402,34848,36928,23400
32212,30305,32204,33091,34540,35184,34920,29976,33402,34848,36928,23400
32239,28719,31888,33055,34400,35184,34704,30160,33620,35252,37032,23682
32190,29423,31822,32939,34400,35184,34704,30160,33620,35252,37032,23682
32274,29329,32116,32819,34400,35184,34704,30160,33620,35252,37032,23682
32319,31424,32101,32804,34400,35184,34704,30160,33620,35252,37032,23682
32329,34904,31998,32803,34400,35184,34704,30160,33620,35252,37032,23682
32398,35847,32278,32839,34400,35184,34704,30160,33620,35252,37032,23682
32406,36257,32630,32727,34400,35184,34704,30160,33620,35252,37032,23682
32448,37559,32618,32765,34400,35184,34704,30160,33620,35252,37032,23682
32519,36167,32750,32775,34400,35184,34704,30160,33620,35252,37032,23682
32577,34791,33214,32932,34400,35184,34704,30160,33620,35252,37032,23682
32688,31156,33631,32821,34434,35372,34522,30352,33708,35305,36972,23956
32674,28751,33346,32790,34434,35372,34522,30352,33708,35305,36972,23956
32721,29414,33341,32847,34434,35372,34522,30352,33708,35305,36972,23956
32788,29543,32963,32821,34434,35372,34522,30352,33708,35305,36972,23956
32791,32748,32924,32809,34434,35372,34522,30352,33708,35305,36972,23956
32797,33726,32711,32863,34434,35372,34522,30352,33708,35305,36972,23956
32797,34001,32569,32821,34434,35372,34522,30352,33708,35305,36972,23956
32760,33269,32346,32721,34434,35372,34522,30352,33708,35305,36972,23956
32720,32119,32430,32659,34434,35372,34522,30352,33708,35305,36972,23956
32752,31625,32666,32693,34434,35372,34522,30352,33708,35305,36972,23956
32732,31787,32621,32637,34444,35244,34316,30576,33588,35472,36860,24356
32775,31908,32541,32547,34444,35244,34316,30576,33588,35472,36860,24356
32810,32767,32859,32567,34444,35244,34316,30576,33588,35472,36860,24356
32842,34249,32954,32745,34444,35244,34316,30576,33588,35472,36860,24356
32880,34751,32739,32687,34444,35244,34316,30576,33588,35472,36860,24356
32828,34263,32708,32696,34444,35244,34316,30576,33588,35472,36860,24356
32908,33799,32773,32750,34444,35244,34316,30576,33588,35472,36860,24356
32931,32740,32759,32935,34444,35244,34316,30576,33588,35472,36860,24356
32887,31291,32786,32737,34444,35244,34316,30576,33588,35472,36860,24356
32841,31789,32769,32773,34444,35244,34316,30576,33588,35472,36860,24356
32866,30695,32833,32903,34524,35384,34188,30884,33624,35820,36736,24588
32879,33170,33122,32871,34524,35384,34188,30884,33624,35820,36736,24588
32790,35291,32938,32955,34524,35384,34188,30884,33624,35820,36736,24588
32861,33767,32702,32903,34524,35384,34188,30884,33624,35820,36736,24588
32831,31867,32635,32675,34524,35384,34188,30884,33624,35820,36736,24588
32775,30537,32576,32741,34524,35384,34188,30884,33624,35820,36736,24588
32786,31715,32511,32700,34524,35384,34188,30884,33624,35820,36736,24588
32745,33383,32573,32766,34524,35384,34188,30884,33624,35820,36736,24588
32892,33750,32765,32850,34524,35384,34188,30884,33624,35820,36736,24588
32856,33189,32784,32911,34524,35384,34188,30884,33624,35820,36736,24588
32850,32477,32571,32842,34522,35488,34148,31058,33260,36104,36576,24861
32801,32378,32690,32775,34522,35488,34148,31058,33260,36104,36576,24861
32880,34246,32658,32711,34522,35488,34148,31058,33260,36104,36576,24861
32847,33695,32539,32813,34522,35488,34148,31058,33260,36104,36576,24861
32885,32009,32831,32835,34522,35488,34148,31058,33260,36104,36576,24861
32908,33961,33255,32877,34522,35488,34148,31058,33260,36104,36576,24861
32901,34043,33494,32771,34522,35488,34148,31058,33260,36104,36576,24861
32924,32669,33378,32799,34522,35488,34148,31058,33260,36104,36576,24861
32923,32237,33287,32876,34522,35488,34148,31058,33260,36104,36576,24861
32871,31191,33218,32911,34522,35488,34148,31058,33260,36104,36576,24861
32900,29647,33114,33030,34529,35656,34050,31361,33548,36513,36532,25198
32883,28491,33340,33003,34529,35656,34050,31361,33548,36513,36532,25198
32895,31583,33215,32890,34529,35656,34050,31361,33548,36513,36532,25198
32838,32090,33054,32775,34529,35656,34050,31361,33548,36513,36532,25198
32806,31786,32991,32629,34529,35656,34050,31361,33548,36513,36532,25198
32811,31541,32914,32647,34529,35656,34050,31361,33548,36513,36532,25198
32815,32505,32691,32642,34529,35656,34050,31361,33548,36513,36532,25198
32808,34335,32866,32622,34529,35656,34050,31361,33548,36513,36532,25198
32791,34597,33099,32711,34529,35656,34050,31361,33548,36513,36532,25198
32767,34143,33162,32655,34529,35656,34050,31361,33548,36513,36532,25198
32852,33682,33114,32767,34544,35832,33804,31456,33312,36568,36172,25644
32830,33631,33114,32805,34544,35832,33804,31456,33312,36568,36172,25644
32895,33706,33453,32955,34544,35832,33804,31456,33312,36568,36172,25644
32801,32666,33558,32805,34544,35832,33804,31456,33312,36568,36172,25644
32781,33231,33469,32725,34544,35832,33804,31456,33312,36568,36172,25644
32798,32738,33293,32741,34544,35832,33804,31456,33312,36568,36172,25644
32840,33837,32887,32683,34544,35832,33804,31456,33312,36568,36172,25644
32861,34430,32463,32577,34544,35832,33804,31456,33312,36568,36172,25644
32920,34573,32518,32658,34544,35832,33804,31456,33312,36568,36172,25644
32953,34601,32395,32758,34544,35832,33804,31456,33312,36568,36172,25644
32868,34023,32159,32876,34492,36144,33720,31716,33248,36892,35984,26008
32787,33287,32428,32911,34492,36144,33720,31716,33248,36892,35984,26008
32598,31484,32382,32993,34492,36144,33720,31716,33248,36892,35984,26008
32610,31300,32325,32940,34492,36144,33720,31716,33248,36892,35984,26008
32635,31429,32445,32903,34492,36144,33720,31716,33248,36892,35984,26008
32620,32461,32351,32818,34492,36144,33720,31716,33248,36892,35984,26008
32650,33753,32371,32624,34492,36144,33720,31716,33248,36892,35984,26008
32496,34566,32391,32489,34492,36144,33720,31716,33248,36892,35984,26008
32500,34807,32375,32562,34492,36144,33720,31716,33248,36892,35984,26008
32518,34426,32329,32696,34492,36144,33720,31716,33248,36892,35984,26008
32697,32974,31813,32758,34472,36189,33600,31936,32924,36888,35780,26352
32831,30969,31634,32885,34472,36189,33600,31936,32924,36888,35780,26352
32560,30587,32068,32764,34472,36189,33600,31936,32924,36888,35780,26352
32371,29283,32661,32705,34472,36189,33600,31936,32924,36888,35780,26352
32269,29701,32826,32823,34472,36189,33600,31936,32924,36888,35780,26352
32212,31739,32611,32919,34472,36189,33600,31936,32924,36888,35780,26352
32525,31671,32629,32967,34472,36189,33600,31936,32924,36888,35780,26352
32804,32421,33525,32735,34472,36189,33600,31936,32924,36888,35780,26352
32952,32837,33447,32663,34472,36189,33600,31936,32924,36888,35780,26352
33025,33279,33102,32839,34472,36189,33600,31936,32924,36888,35780,26352
33129,32117,32989,32981,34366,36260,33472,32004,33192,37336,35472,26720
33127,32615,32854,32897,34366,36260,33472,32004,33192,37336,35472,26720
33030,33970,32798,32710,34366,36260,33472,32004,33192,37336,35472,26720
33078,33083,32985,32732,34366,36260,33472,32004,33192,37336,35472,26720
33116,34170,33620,32783,34366,36260,33472,32004,33192,37336,35472,26720
33181,35055,32963,32737,34366,36260,33472,32004,33192,37336,35472,26720
32937,33859,32687,32531,34366,36260,33472,32004,33192,37336,35472,26720
32724,32637,32747,32564,34366,36260,33472,32004,33192,37336,35472,26720
32488,30156,33007,32638,34366,36260,33472,32004,33192,37336,35472,26720
32786,29118,32991,32736,34366,36260,33472,32004,33192,37336,35472,26720
32839,30918,32848,32734,34388,36608,33062,32232,33096,37612,35416,27058
32684,31694,32551,32739,34388,36608,33062,32232,33096,37612,35416,27058
32440,32353,33405,32731,34388,36608,33062,32232,33096,37612,35416,27058
32144,33063,34075,32767,34388,36608,33062,32232,33096,37612,35416,27058
32065,33159,33543,32791,34388,36608,33062,32232,33096,37612,35416,27058
31999,33170,32360,32615,34388,36608,33062,32232,33096,37612,35416,27058
32006,34626,30999,32554,34388,36608,33062,32232,33096,37612,35416,27058
32257,33741,30843,32703,34388,36608,33062,32232,33096,37612,35416,27058
32565,31662,31623,32946,34388,36608,33062,32232,33096,37612,35416,27058
33103,30616,31796,32955,34388,36608,33062,32232,33096,37612,35416,27058
33856,29586,31687,32957,34618,36824,32817,32458,33028,37896,35240,27414
33567,29287,31610,32959,34618,36824,32817,32458,33028,37896,35240,27414
32960,31071,31773,33087,34618,36824,32817,32458,33028,37896,35240,27414
32352,31526,32238,32844,34618,36824,32817,32458,33028,37896,35240,27414
32173,32939,32890,32786,34618,36824,32817,32458,33028,37896,35240,27414
32325,32314,33205,32597,34618,36824,32817,32458,33028,37896,35240,27414
32509,33132,33407,32427,34618,36824,32817,32458,33028,37896,35240,27414
32762,34101,33753,32437,34618,36824,32817,32458,33028,37896,35240,27414
32717,33647,33667,32547,34618,36824,32817,32458,33028,37896,35240,27414
32576,31771,33367,32575,34618,36824,32817,32458,33028,37896,35240,27414
32588,29566,32912,32579,34530,36896,32358,32685,33224,37896,35172,27856
32518,29234,32270,32646,34530,36896,32358,32685,33224,37896,35172,27856
32378,30655,32524,32742,34530,36896,32358,32685,33224,37896,35172,27856
32356,31959,33767,32829,34530,36896,32358,32685,33224,37896,35172,27856
32495,28694,32587,32833,34530,36896,32358,32685,33224,37896,35172,27856
32477,30857,31939,32876,34530,36896,32358,32685,33224,37896,35172,27856
32383,29535,31947,32943,34530,36896,32358,32685,33224,37896,35172,27856
32859,32866,32485,32864,34530,36896,32358,32685,33224,37896,35172,27856
33040,37428,32601,32919,34530,36896,32358,32685,33224,37896,35172,27856
32898,39288,32714,32951,34530,36896,32358,32685,33224,37896,35172,27856
32692,39995,32734,32781,33924,37584,31561,32760,33930,38320,34240,28208
32554,39332,33325,32719,33924,37584,31561,32760,33930,38320,34240,28208
32804,39091,34045,32741,33924,37584,31561,32760,33930,38320,34240,28208
33210,36974,33983,32697,33924,37584,31561,32760,33930,38320,34240,28208
32938,36276,33568,32577,33924,37584,31561,32760,33930,38320,34240,28208
32645,35618,33167,32598,33924,37584,31561,32760,33930,38320,34240,28208
32498,33695,33362,32621,33924,37584,31561,32760,33930,38320,34240,28208
32715,33405,33383,32723,33924,37584,31561,32760,33930,38320,34240,28208
33005,33893,33172,32851,33924,37584,31561,32760,33930,38320,34240,28208
33649,34231,33029,32796,33924,37584,31561,32760,33930,38320,34240,28208
33495,34545,31971,32743,33680,38208,30208,33144,30800,37093,32960,28528
33191,35119,32022,32771,33680,38208,30208,33144,30800,37093,32960,28528
32972,35527,32223,32667,33680,38208,30208,33144,30800,37093,32960,28528
32410,35771,32197,32609,33680,38208,30208,33144,30800,37093,32960,28528
32079,34918,32687,32599,33680,38208,30208,33144,30800,37093,32960,28528
31901,33014,32815,32620,33680,38208,30208,33144,30800,37093,32960,28528
31881,30953,33005,32663,33680,38208,30208,33144,30800,37093,32960,28528
31871,29001,33198,32901,33680,38208,30208,33144,30800,37093,32960,28528
32041,29264,33214,33069,33680,38208,30208,33144,30800,37093,32960,28528
32263,33395,32900,33149,33680,38208,30208,33144,30800,37093,32960,28528
32412,35379,32854,32983,33052,39240,28944,33392,29578,36378,31016,28746
32268,33087,32946,32775,33052,39240,28944,33392,29578,36378,31016,28746
32126,31014,32871,32646,33052,39240,28944,33392,29578,36378,31016,28746
32058,28679,32923,32594,33052,39240,28944,33392,29578,36378,31016,28746
32075,28913,33027,32500,33052,39240,28944,33392,29578,36378,31016,28746
32324,31661,32898,32661,33052,39240,28944,33392,29578,36378,31016,28746
32578,33406,32701,32883,33052,39240,28944,33392,29578,36378,31016,28746
32954,34996,32885,32967,33052,39240,28944,33392,29578,36378,31016,28746
33315,35996,33059,32807,33052,39240,28944,33392,29578,36378,31016,28746
33488,37429,32978,32559,33052,39240,28944,33392,29578,36378,31016,28746
33553,36311,32834,32684,32720,40864,26147,33488,27808,36178,28572,29074
33517,35449,32675,32922,32720,40864,26147,33488,27808,36178,28572,29074
33257,35335,32831,32863,32720,40864,26147,33488,27808,36178,28572,29074
32773,34907,32665,32918,32720,40864,26147,33488,27808,36178,28572,29074
32648,32410,32439,32990,32720,40864,26147,33488,27808,36178,28572,29074
33189,28294,32648,32928,32720,40864,26147,33488,27808,36178,28572,29074
34020,26507,32719,33028,32720,40864,26147,33488,27808,36178,28572,29074
33874,26889,32946,32848,32720,40864,26147,33488,27808,36178,28572,29074
33487,28954,32941,32734,32720,40864,26147,33488,27808,36178,28572,29074
33664,29383,33367,32585,32720,40864,26147,33488,27808,36178,28572,29074
33830,30659,33415,32567,32442,42090,24564,33688,27264,35922,28189,29228
33778,32546,33159,32523,32442,42090,24564,33688,27264,35922,28189,29228
33842,33599,32742,32487,32442,42090,24564,33688,27264,35922,28189,29228
34043,32525,32614,32556,32442,42090,24564,33688,27264,35922,28189,29228
34314,30941,32546,32670,32442,42090,24564,33688,27264,35922,28189,29228
34232,29798,32537,32997,32442,42090,24564,33688,27264,35922,28189,29228
33708,31451,32570,33449,32442,42090,24564,33688,27264,35922,28189,29228
33085,34427,32768,33508,32442,42090,24564,33688,27264,35922,28189,29228
32511,33966,32838,33097,32442,42090,24564,33688,27264,35922,28189,29228
32112,32678,32786,32848,32442,42090,24564,33688,27264,35922,28189,29228
32242,34740,32665,32809,32800,41516,25560,34150,29930,36528,29788,29222
32513,36055,32754,32641,32800,41516,25560,34150,29930,36528,29788,29222
32747,33287,32789,32674,32800,41516,25560,34150,29930,36528,29788,29222
33117,33285,32684,32642,32800,41516,25560,34150,29930,36528,29788,29222
33430,33047,32751,32572,32800,41516,25560,34150,29930,36528,29788,29222
33412,29403,32693,32653,32800,41516,25560,34150,29930,36528,29788,29222
33492,28146,32723,32722,32800,41516,25560,34150,29930,36528,29788,29222
33543,29755,32858,32671,32800,41516,25560,34150,29930,36528,29788,29222
33398,31444,32908,32487,32800,41516,25560,34150,29930,36528,29788,29222
33360,32409,32943,32381,32800,41516,25560,34150,29930,36528,29788,29222
33544,33455,32839,32746,33652,39002,27252,34094,32236,36488,31868,29114
33798,33177,32883,33093,33652,39002,27252,34094,32236,36488,31868,29114
33819,33539,33036,33110,33652,39002,27252,34094,32236,36488,31868,29114
33117,33815,33148,33005,33652,39002,27252,34094,32236,36488,31868,29114
32464,33028,33287,32660,33652,39002,27252,34094,32236,36488,31868,29114
32231,32139,33222,32479,33652,39002,27252,34094,32236,36488,31868,29114
32441,30455,33329,32628,33652,39002,27252,34094,32236,36488,31868,29114
33023,30671,33287,32870,33652,39002,27252,34094,32236,36488,31868,29114
33640,31928,33306,32979,33652,39002,27252,34094,32236,36488,31868,29114
33314,33755,33095,32726,33652,39002,27252,34094,32236,36488,31868,29114
32316,34939,32738,32866,34326,36580,29464,34272,33600,36424,34120,29020
31716,33067,32714,32914,34326,36580,29464,34272,33600,36424,34120,29020
31580,32199,32764,32930,34326,36580,29464,34272,33600,36424,34120,29020
31712,33095,32895,32703,34326,36580,29464,34272,33600,36424,34120,29020
31622,33956,32839,32755,34326,36580,29464,34272,33600,36424,34120,29020
31649,33961,32726,32960,34326,36580,29464,34272,33600,36424,34120,29020
32111,34134,32567,32941,34326,36580,29464,34272,33600,36424,34120,29020
32068,34371,32446,32918,34326,36580,29464,34272,33600,36424,34120,29020
31943,34292,32353,32871,34326,36580,29464,34272,33600,36424,34120,29020
31630,33824,32575,32655,34326,36580,29464,34272,33600,36424,34120,29020
30949,33565,32569,32565,34896,35528,32212,33986,34139,35988,35944,28812
30726,33243,32327,32578,34896,35528,32212,33986,34139,35988,35944,28812
31032,32998,32186,32773,34896,35528,32212,33986,34139,35988,35944,28812
31266,32518,32303,32807,34896,35528,32212,33986,34139,35988,35944,28812
31352,32108,32541,32871,34896,35528,32212,33986,34139,35988,35944,28812
31664,32431,32610,32616,34896,35528,32212,33986,34139,35988,35944,28812
31975,33255,32625,32800,34896,35528,32212,33986,34139,35988,35944,28812
32344,33724,32569,32802,34896,35528,32212,33986,34139,35988,35944,28812
32616,33481,32541,32837,34896,35528,32212,33986,34139,35988,35944,28812
32816,32925,32445,32751,34896,35528,32212,33986,34139,35988,35944,28812
33142,30972,32532,32641,34702,34717,33537,33780,33608,35936,35904,28804
33662,30333,32725,32979,34702,34717,33537,33780,33608,35936,35904,28804
33846,31550,32764,33025,34702,34717,33537,33780,33608,35936,35904,28804
32806,32551,32770,32975,34702,34717,33537,33780,33608,35936,35904,28804
32146,32980,32669,32767,34702,34717,33537,33780,33608,35936,35904,28804
32336,33915,32718,32615,34702,34717,33537,33780,33608,35936,35904,28804
32800,34245,32775,32513,34702,34717,33537,33780,33608,35936,35904,28804
32942,33647,32749,32519,34702,34717,33537,33780,33608,35936,35904,28804
33062,33334,32722,32704,34702,34717,33537,33780,33608,35936,35904,28804
32637,33271,32751,32737,34702,34717,33537,33780,33608,35936,35904,28804
32034,32967,32263,32884,33852,34580,35442,33520,32904,37349,35608,28748
31975,30782,32011,32687,33852,34580,35442,33520,32904,37349,35608,28748
31897,30123,31997,32505,33852,34580,35442,33520,32904,37349,35608,28748
31663,30279,32139,32621,33852,34580,35442,33520,32904,37349,35608,28748
31830,30168,32161,32829,33852,34580,35442,33520,32904,37349,35608,28748
32751,31323,32353,32851,33852,34580,35442,33520,32904,37349,35608,28748
33000,34096,32607,33287,33852,34580,35442,33520,32904,37349,35608,28748
34247,34700,32539,33378,33852,34580,35442,33520,32904,37349,35608,28748
35008,29834,32455,33158,33852,34580,35442,33520,32904,37349,35608,28748
35333,28713,32694,32869,33852,34580,35442,33520,32904,37349,35608,28748
35424,34740,32715,32929,33002,35648,37356,33048,32056,38492,34488,28768
35487,36563,32849,32922,33002,35648,37356,33048,32056,38492,34488,28768
34412,36999,32890,32775,33002,35648,37356,33048,32056,38492,34488,28768
33335,37935,32707,32500,33002,35648,37356,33048,32056,38492,34488,28768
32884,35999,32723,32422,33002,35648,37356,33048,32056,38492,34488,28768
31849,35101,32766,32356,33002,35648,37356,33048,32056,38492,34488,28768
31266,35477,32519,32590,33002,35648,37356,33048,32056,38492,34488,28768
30727,35151,32621,32762,33002,35648,37356,33048,32056,38492,34488,28768
30589,34943,32675,32710,33002,35648,37356,33048,32056,38492,34488,28768
32120,32452,32732,32701,33002,35648,37356,33048,32056,38492,34488,28768
32223,29296,32518,32903,32800,37428,37464,32673,31288,38304,33632,28816
31796,27220,32730,32936,32800,37428,37464,32673,31288,38304,33632,28816
31226,24905,32949,33141,32800,37428,37464,32673,31288,38304,33632,28816
31614,26619,32749,33063,32800,37428,37464,32673,31288,38304,33632,28816
31384,31516,32509,32933,32800,37428,37464,32673,31288,38304,33632,28816
31314,31430,32587,32579,32800,37428,37464,32673,31288,38304,33632,28816
31392,30487,32567,32421,32800,37428,37464,32673,31288,38304,33632,28816
32993,30805,32328,32655,32800,37428,37464,32673,31288,38304,33632,28816
34670,30939,32045,32787,32800,37428,37464,32673,31288,38304,33632,28816
35044,31184,32367,32775,32800,37428,37464,32673,31288,38304,33632,28816
34979,31135,32514,32903,33500,38984,36675,32504,30784,38352,32929,28832
34721,30329,32480,33223,33500,38984,36675,32504,30784,38352,32929,28832
34688,29483,32720,33143,33500,38984,36675,32504,30784,38352,32929,28832
35362,30667,32955,32811,33500,38984,36675,32504,30784,38352,32929,28832
35410,29966,32931,32622,33500,38984,36675,32504,30784,38352,32929,28832
34710,29309,32831,32594,33500,38984,36675,32504,30784,38352,32929,28832
33270,28849,32852,32711,33500,38984,36675,32504,30784,38352,32929,28832
30771,27228,33086,32794,33500,38984,36675,32504,30784,38352,32929,28832
29160,30764,33248,32864,33500,38984,36675,32504,30784,38352,32929,28832
28952,35498,33090,32890,33500,38984,36675,32504,30784,38352,32929,28832
29848,39327,32968,32719,33880,40048,34464,32482,30632,38400,32772,28808
31952,39307,32981,32714,33880,40048,34464,32482,30632,38400,32772,28808
34222,38151,33119,32783,33880,40048,34464,32482,30632,38400,32772,28808
34496,36308,33303,32825,33880,40048,34464,32482,30632,38400,32772,28808
33603,35481,33366,32876,33880,40048,34464,32482,30632,38400,32772,28808
32976,36551,33527,32861,33880,40048,34464,32482,30632,38400,32772,28808
32968,36941,33362,32898,33880,40048,34464,32482,30632,38400,32772,28808
34104,36715,33323,32991,33880,40048,34464,32482,30632,38400,32772,28808
35495,36479,33311,32845,33880,40048,34464,32482,30632,38400,32772,28808
33488,37151,33527,32654,33880,40048,34464,32482,30632,38400,32772,28808
31657,35926,33563,32660,33394,39562,31540,32564,31728,38666,32641,28720
30971,34704,33511,32806,33394,39562,31540,32564,31728,38666,32641,28720
31348,31087,33149,32794,33394,39562,31540,32564,31728,38666,32641,28720
32532,25759,33056,32891,33394,39562,31540,32564,31728,38666,32641,28720
34356,29361,32878,33031,33394,39562,31540,32564,31728,38666,32641,28720
33934,35092,32775,32925,33394,39562,31540,32564,31728,38666,32641,28720
33445,36383,32774,32775,33394,39562,31540,32564,31728,38666,32641,28720
31904,33182,33004,32569,33394,39562,31540,32564,31728,38666,32641,28720
30510,28272,33101,32663,33394,39562,31540,32564,31728,38666,32641,28720
29103,31687,33179,32745,33394,39562,31540,32564,31728,38666,32641,28720
29665,34965,33136,32563,34040,39656,30594,32692,33160,38868,33148,28650
31506,37295,33026,32430,34040,39656,30594,32692,33160,38868,33148,28650
33750,34815,32843,32448,34040,39656,30594,32692,33160,38868,33148,28650
34908,36108,33036,32646,34040,39656,30594,32692,33160,38868,33148,28650
36120,39379,33075,32735,34040,39656,30594,32692,33160,38868,33148,28650
36541,35956,33106,32842,34040,39656,30594,32692,33160,38868,33148,28650
36454,31054,33018,32995,34040,39656,30594,32692,33160,38868,33148,28650
36184,31877,32580,32916,34040,39656,30594,32692,33160,38868,33148,28650
35753,34171,32745,32825,34040,39656,30594,32692,33160,38868,33148,28650
34496,31494,32964,33117,34040,39656,30594,32692,33160,38868,33148,28650
32402,30972,32880,33199,35600,38496,30652,33004,34844,38792,33884,28636
31418,32839,32767,33019,35600,38496,30652,33004,34844,38792,33884,28636
32320,36319,32813,33041,35600,38496,30652,33004,34844,38792,33884,28636
33925,34627,32873,32663,35600,38496,30652,33004,34844,38792,33884,28636
32990,33967,32867,32310,35600,38496,30652,33004,34844,38792,33884,28636
31552,33031,32767,32307,35600,38496,30652,33004,34844,38792,33884,28636
30256,31135,32651,32388,35600,38496,30652,33004,34844,38792,33884,28636
29469,29010,32646,32532,35600,38496,30652,33004,34844,38792,33884,28636
28988,28486,32952,32668,35600,38496,30652,33004,34844,38792,33884,28636
29191,31079,32661,32723,35600,38496,30652,33004,34844,38792,33884,28636
29644,30682,32848,32698,37432,36540,32422,32852,35694,38508,33936,28608
30418,31170,32759,32562,37432,36540,32422,32852,35694,38508,33936,28608
31189,30587,32663,32585,37432,36540,32422,32852,35694,38508,33936,28608
33120,29818,32508,32701,37432,36540,32422,32852,35694,38508,33936,28608
35463,31711,32455,32886,37432,36540,32422,32852,35694,38508,33936,28608
37084,33619,32510,33031,37432,36540,32422,32852,35694,38508,33936,28608
36628,32647,32623,33338,37432,36540,32422,32852,35694,38508,33936,28608
35972,32623,32483,33265,37432,36540,32422,32852,35694,38508,33936,28608
36221,29995,32569,32799,37432,36540,32422,32852,35694,38508,33936,28608
34111,28606,32768,32883,37432,36540,32422,32852,35694,38508,33936,28608
30660,31529,32955,32772,38606,35202,34180,32888,35784,37992,33978,28534
28744,33793,32767,32471,38606,35202,34180,32888,35784,37992,33978,28534
28832,31751,32750,32471,38606,35202,34180,32888,35784,37992,33978,28534
31428,31725,32763,32612,38606,35202,34180,32888,35784,37992,33978,28534
31124,30395,32689,32452,38606,35202,34180,32888,35784,37992,33978,28534
33728,31591,32495,32423,38606,35202,34180,32888,35784,37992,33978,28534
34586,33081,32485,32557,38606,35202,34180,32888,35784,37992,33978,28534
34468,35051,32487,32759,38606,35202,34180,32888,35784,37992,33978,28534
34795,34933,32593,32751,38606,35202,34180,32888,35784,37992,33978,28534
33219,32100,32867,32591,38606,35202,34180,32888,35784,37992,33978,28534
31708,32035,32892,32687,38484,34852,34073,32696,34728,37512,34532,28530
31224,32473,32768,32707,38484,34852,34073,32696,34728,37512,34532,28530
32548,33244,32630,32717,38484,34852,34073,32696,34728,37512,34532,28530
33125,32479,32661,32564,38484,34852,34073,32696,34728,37512,34532,28530
35440,32545,32715,32687,38484,34852,34073,32696,34728,37512,34532,28530
34823,33574,32988,32830,38484,34852,34073,32696,34728,37512,34532,28530
32420,34770,32917,32902,38484,34852,34073,32696,34728,37512,34532,28530
30353,34269,32774,32787,38484,34852,34073,32696,34728,37512,34532,28530
30560,35239,32621,32775,38484,34852,34073,32696,34728,37512,34532,28530
31384,35414,32551,32799,38484,34852,34073,32696,34728,37512,34532,28530
31378,32742,32583,32948,36468,35560,33984,32316,32616,36952,34604,28592
31346,31978,32494,32935,36468,35560,33984,32316,32616,36952,34604,28592
31488,32947,32455,32677,36468,35560,33984,32316,32616,36952,34604,28592
31680,34197,32385,32701,36468,35560,33984,32316,32616,36952,34604,28592
31913,35421,32484,32921,36468,35560,33984,32316,32616,36952,34604,28592
32224,34326,32402,33123,36468,35560,33984,32316,32616,36952,34604,28592
32633,33375,32367,33078,36468,35560,33984,32316,32616,36952,34604,28592
32492,34343,32398,32919,36468,35560,33984,32316,32616,36952,34604,28592
31605,34269,32512,32658,36468,35560,33984,32316,32616,36952,34604,28592
31138,33881,32341,32738,36468,35560,33984,32316,32616,36952,34604,28592
31193,33639,32473,32628,34139,36660,35368,31852,30608,36628,34500,28608
32136,33307,32471,32775,34139,36660,35368,31852,30608,36628,34500,28608
33119,33287,32485,32883,34139,36660,35368,31852,30608,36628,34500,28608
33772,33125,32469,32935,34139,36660,35368,31852,30608,36628,34500,28608
33573,32858,32274,32759,34139,36660,35368,31852,30608,36628,34500,28608
33453,32993,32182,32963,34139,36660,35368,31852,30608,36628,34500,28608
33902,32769,32297,32990,34139,36660,35368,31852,30608,36628,34500,28608
34593,32735,32726,32775,34139,36660,35368,31852,30608,36628,34500,28608
34783,32615,32827,32785,34139,36660,35368,31852,30608,36628,34500,28608
33794,32441,32783,32883,34139,36660,35368,31852,30608,36628,34500,28608
33592,32140,32736,32909,33028,37296,35942,31688,29467,36705,34899,28616
34757,31715,32640,32722,33028,37296,35942,31688,29467,36705,34899,28616
34517,31183,32612,32805,33028,37296,35942,31688,29467,36705,34899,28616
33142,30900,32770,33012,33028,37296,35942,31688,29467,36705,34899,28616
31867,30935,33047,32980,33028,37296,35942,31688,29467,36705,34899,28616
31477,31116,33063,32679,33028,37296,35942,31688,29467,36705,34899,28616
30605,31737,32819,32753,33028,37296,35942,31688,29467,36705,34899,28616
30433,31765,32691,32821,33028,37296,35942,31688,29467,36705,34899,28616
31846,31533,32599,32839,33028,37296,35942,31688,29467,36705,34899,28616
32569,31980,32479,32775,33028,37296,35942,31688,29467,36705,34899,28616
31729,31687,32639,32645,33044,37528,34616,31696,29212,36804,35448,28512
30522,30212,32947,32929,33044,37528,34616,31696,29212,36804,35448,28512
30902,31191,33220,33107,33044,37528,34616,31696,29212,36804,35448,28512
31772,33785,33079,33055,33044,37528,34616,31696,29212,36804,35448,28512
33330,34222,32875,32809,33044,37528,34616,31696,29212,36804,35448,28512
35325,34366,33013,32646,33044,37528,34616,31696,29212,36804,35448,28512
35652,34557,33191,32645,33044,37528,34616,31696,29212,36804,35448,28512
35217,33799,33163,32786,33044,37528,34616,31696,29212,36804,35448,28512
35225,32624,32991,32895,33044,37528,34616,31696,29212,36804,35448,28512
35037,32739,33071,32583,33044,37528,34616,31696,29212,36804,35448,28512
33785,32838,33054,32583,32450,37156,33956,31748,29479,36624,35556,28353
32528,32523,33175,32929,32450,37156,33956,31748,29479,36624,35556,28353
32158,32197,33209,33059,32450,37156,33956,31748,29479,36624,35556,28353
32494,32260,33133,32830,32450,37156,33956,31748,29479,36624,35556,28353
31488,32365,32905,32524,32450,37156,33956,31748,29479,36624,35556,28353
32503,32336,32983,32471,32450,37156,33956,31748,29479,36624,35556,28353
32654,32013,33092,33007,32450,37156,33956,31748,29479,36624,35556,28353
32364,32204,32989,33107,32450,37156,33956,31748,29479,36624,35556,28353
31869,32359,32739,33098,32450,37156,33956,31748,29479,36624,35556,28353
31744,32387,32739,32827,32450,37156,33956,31748,29479,36624,35556,28353
31550,32317,32968,32494,31632,37044,35160,32076,30600,36668,35368,28208
31533,32160,32845,32578,31632,37044,35160,32076,30600,36668,35368,28208
32386,31903,32751,32775,31632,37044,35160,32076,30600,36668,35368,28208
34977,31783,32786,33065,31632,37044,35160,32076,30600,36668,35368,28208
34917,31813,32907,33057,31632,37044,35160,32076,30600,36668,35368,28208
33524,31933,33031,33018,31632,37044,35160,32076,30600,36668,35368,28208
32136,31967,32915,32656,31632,37044,35160,32076,30600,36668,35368,28208
33002,32091,32825,32683,31632,37044,35160,32076,30600,36668,35368,28208
37183,32106,32687,32740,31632,37044,35160,32076,30600,36668,35368,28208
36582,32159,32622,32796,31632,37044,35160,32076,30600,36668,35368,28208
34032,32194,32647,32710,32184,36852,35520,32480,31720,36724,35300,28077
31691,32231,32657,32503,32184,36852,35520,32480,31720,36724,35300,28077
30987,32307,32850,32600,32184,36852,35520,32480,31720,36724,35300,28077
30319,32326,32795,32674,32184,36852,35520,32480,31720,36724,35300,28077
30695,32396,32786,32717,32184,36852,35520,32480,31720,36724,35300,28077
31232,32341,32651,32679,32184,36852,35520,32480,31720,36724,35300,28077
31560,32375,32453,32579,32184,36852,35520,32480,31720,36724,35300,28077
32181,32377,32444,32710,32184,36852,35520,32480,31720,36724,35300,28077
32987,32530,32615,32849,32184,36852,35520,32480,31720,36724,35300,28077
33028,32647,32667,32823,32184,36852,35520,32480,31720,36724,35300,28077
32698,32714,32659,32495,33224,36572,35212,32772,32585,36752,35384,28088
32626,32918,32487,31994,33224,36572,35212,32772,32585,36752,35384,28088
33286,32971,32511,31969,33224,36572,35212,32772,32585,36752,35384,28088
32760,32959,32614,32313,33224,36572,35212,32772,32585,36752,35384,28088
32969,32998,32749,32757,33224,36572,35212,32772,32585,36752,35384,28088
33472,33087,32702,32867,33224,36572,35212,32772,32585,36752,35384,28088
33268,33023,32715,32849,33224,36572,35212,32772,32585,36752,35384,28088
32686,33107,32700,32995,33224,36572,35212,32772,32585,36752,35384,28088
32925,33037,32617,33083,33224,36572,35212,32772,32585,36752,35384,28088
32563,33111,32678,32959,33224,36572,35212,32772,32585,36752,35384,28088
31740,33227,32731,32453,33938,36408,34938,32754,32592,36632,35512,28096
31386,33378,32574,32406,33938,36408,34938,32754,32592,36632,35512,28096
32238,33441,32415,32474,33938,36408,34938,32754,32592,36632,35512,28096
32630,33343,32371,32727,33938,36408,34938,32754,32592,36632,35512,28096
32928,33171,32462,32880,33938,36408,34938,32754,32592,36632,35512,28096
32992,33010,32479,32758,33938,36408,34938,32754,32592,36632,35512,28096
33215,32901,32560,32827,33938,36408,34938,32754,32592,36632,35512,28096
34416,33007,32883,32806,33938,36408,34938,32754,32592,36632,35512,28096
34371,32918,32949,32830,33938,36408,34938,32754,32592,36632,35512,28096
33261,32914,32598,32992,33938,36408,34938,32754,32592,36632,35512,28096
32271,32835,32566,32949,34204,36580,35040,32688,32424,36960,35546,28074
32239,32848,32775,32677,34204,36580,35040,32688,32424,36960,35546,28074
32463,32719,32897,32825,34204,36580,35040,32688,32424,36960,35546,28074
32114,32711,32971,32911,34204,36580,35040,32688,32424,36960,35546,28074
31455,32732,32740,32947,34204,36580,35040,32688,32424,36960,35546,28074
31462,32743,32533,32765,34204,36580,35040,32688,32424,36960,35546,28074
31642,32775,32498,32785,34204,36580,35040,32688,32424,36960,35546,28074
31810,32671,32631,32869,34204,36580,35040,32688,32424,36960,35546,28074
32378,32747,32601,32999,34204,36580,35040,32688,32424,36960,35546,28074
32752,32807,32603,33091,34204,36580,35040,32688,32424,36960,35546,28074
33114,33011,32662,32724,34040,37176,35229,32570,32058,37266,35572,28082
33328,33045,32610,32400,34040,37176,35229,32570,32058,37266,35572,28082
33308,33047,32722,32409,34040,37176,35229,32570,32058,37266,35572,28082
33068,33199,32850,32669,34040,37176,35229,32570,32058,37266,35572,28082
33068,33109,32991,32188,34040,37176,35229,32570,32058,37266,35572,28082
33189,32854,32986,31817,34040,37176,35229,32570,32058,37266,35572,28082
33110,32413,32938,31987,34040,37176,35229,32570,32058,37266,35572,28082
33007,32071,32942,32891,34040,37176,35229,32570,32058,37266,35572,28082
32957,31704,32917,33765,34040,37176,35229,32570,32058,37266,35572,28082
32952,31697,32737,34033,34040,37176,35229,32570,32058,37266,35572,28082
32950,32073,32837,33835,33720,37536,35048,32412,32008,37614,35624,28038
32827,32518,32903,33285,33720,37536,35048,32412,32008,37614,35624,28038
33050,32711,33043,32607,33720,37536,35048,32412,32008,37614,35624,28038
33162,32991,33170,32567,33720,37536,35048,32412,32008,37614,35624,28038
33086,32833,33129,32827,33720,37536,35048,32412,32008,37614,35624,28038
32630,32551,33115,32967,33720,37536,35048,32412,32008,37614,35624,28038
31490,32502,32891,33019,33720,37536,35048,32412,32008,37614,35624,28038
31292,32570,32757,32838,33720,37536,35048,32412,32008,37614,35624,28038
31906,32634,32886,32792,33720,37536,35048,32412,32008,37614,35624,28038
32467,32555,33189,32935,33720,37536,35048,32412,32008,37614,35624,28038
32865,32481,33119,33013,33384,37520,34992,32348,32208,37556,35442,28040
33068,32347,33115,33050,33384,37520,34992,32348,32208,37556,35442,28040
33737,31967,33039,32797,33384,37520,34992,32348,32208,37556,35442,28040
33930,31751,32943,32643,33384,37520,34992,32348,32208,37556,35442,28040
34061,31664,32978,32727,33384,37520,34992,32348,32208,37556,35442,28040
34343,31391,32962,32783,33384,37520,34992,32348,32208,37556,35442,28040
34174,30894,32925,32645,33384,37520,34992,32348,32208,37556,35442,28040
33764,29973,32856,32617,33384,37520,34992,32348,32208,37556,35442,28040
33234,27741,32902,32657,33384,37520,34992,32348,32208,37556,35442,28040
32653,30377,32847,32836,33384,37520,34992,32348,32208,37556,35442,28040
32472,34292,32944,33064,33448,37260,34904,32248,32424,37344,35296,28113
32272,36117,32946,33021,33448,37260,34904,32248,32424,37344,35296,28113
32188,36484,32887,32859,33448,37260,34904,32248,32424,37344,35296,28113
32164,36359,32907,32454,33448,37260,34904,32248,32424,37344,35296,28113
32191,36324,32847,32167,33448,37260,34904,32248,32424,37344,35296,28113
32226,36097,32911,32235,33448,37260,34904,32248,32424,37344,35296,28113
32226,35776,32989,32758,33448,37260,34904,32248,32424,37344,35296,28113
32295,35916,33028,33431,33448,37260,34904,32248,32424,37344,35296,28113
32425,35823,32903,34125,33448,37260,34904,32248,32424,37344,35296,28113
32353,35544,32903,34135,33448,37260,34904,32248,32424,37344,35296,28113
32444,35207,32994,33781,33468,37018,34860,32178,32376,37184,35356,28100
32412,34965,33081,33173,33468,37018,34860,32178,32376,37184,35356,28100
32422,34834,33069,31547,33468,37018,34860,32178,32376,37184,35356,28100
32493,34575,33102,29977,33468,37018,34860,32178,32376,37184,35356,28100
32582,33735,32973,29871,33468,37018,34860,32178,32376,37184,35356,28100
32768,32767,32903,30956,33468,37018,34860,32178,32376,37184,35356,28100
32893,31671,32999,32843,33468,37018,34860,32178,32376,37184,35356,28100
32974,31189,33127,34817,33468,37018,34860,32178,32376,37184,35356,28100
33081,31313,33254,34995,33468,37018,34860,32178,32376,37184,35356,28100
33104,31879,33193,33983,33468,37018,34860,32178,32376,37184,35356,28100
33084,32421,33253,33084,33682,37104,34970,32228,32440,37141,35456,28112
33035,32522,33157,32656,33682,37104,34970,32228,32440,37141,35456,28112
33094,32515,33126,32635,33682,37104,34970,32228,32440,37141,35456,28112
33389,32501,33133,32754,33682,37104,34970,32228,32440,37141,35456,28112
34027,32611,33135,32846,33682,37104,34970,32228,32440,37141,35456,28112
33710,32674,33189,32877,33682,37104,34970,32228,32440,37141,35456,28112
33217,32658,33194,33019,33682,37104,34970,32228,32440,37141,35456,28112
32738,32559,32903,33340,33682,37104,34970,32228,32440,37141,35456,28112
32701,32166,32812,33472,33682,37104,34970,32228,32440,37141,35456,28112
32759,31663,32807,33047,33682,37104,34970,32228,32440,37141,35456,28112
33004,31687,32832,32587,34118,36920,35108,32284,32500,37288,35364,28204
33063,32118,32922,32531,34118,36920,35108,32284,32500,37288,35364,28204
32895,32303,32898,32513,34118,36920,35108,32284,32500,37288,35364,28204
32644,32199,32749,32263,34118,36920,35108,32284,32500,37288,35364,28204
32452,32226,32746,32037,34118,36920,35108,32284,32500,37288,35364,28204
32508,32245,32720,31725,34118,36920,35108,32284,32500,37288,35364,28204
32537,32386,32667,31798,34118,36920,35108,32284,32500,37288,35364,28204
32745,32411,32822,31991,34118,36920,35108,32284,32500,37288,35364,28204
32905,32344,32791,32039,34118,36920,35108,32284,32500,37288,35364,28204
32893,32430,32709,32239,34118,36920,35108,32284,32500,37288,35364,28204
32796,32599,32607,32074,34628,37076,35032,32356,32374,37424,35352,28242
32775,32542,32506,31964,34628,37076,35032,32356,32374,37424,35352,28242
32775,32166,32495,33374,34628,37076,35032,32356,32374,37424,35352,28242
32855,31921,32641,36031,34628,37076,35032,32356,32374,37424,35352,28242
32848,31938,32744,35211,34628,37076,35032,32356,32374,37424,35352,28242
32840,32110,32775,34711,34628,37076,35032,32356,32374,37424,35352,28242
32870,32409,32754,34106,34628,37076,35032,32356,32374,37424,35352,28242
32821,32576,32775,33397,34628,37076,35032,32356,32374,37424,35352,28242
32748,32771,32743,32665,34628,37076,35032,32356,32374,37424,35352,28242
32717,33086,32769,32134,34628,37076,35032,32356,32374,37424,35352,28242
32610,33191,32934,32012,34764,37200,34828,32532,32434,37440,35058,28216
32510,33159,32913,32367,34764,37200,34828,32532,32434,37440,35058,28216
32439,32989,32935,32621,34764,37200,34828,32532,32434,37440,35058,28216
32372,32972,32859,32594,34764,37200,34828,32532,32434,37440,35058,28216
32292,32818,32831,32578,34764,37200,34828,32532,32434,37440,35058,28216
32268,32809,32615,32525,34764,37200,34828,32532,32434,37440,35058,28216
32089,32910,32491,32573,34764,37200,34828,32532,32434,37440,35058,28216
31982,32961,32497,32638,34764,37200,34828,32532,32434,37440,35058,28216
31912,32935,32711,32434,34764,37200,34828,32532,32434,37440,35058,28216
31913,32851,32898,32239,34764,37200,34828,32532,32434,37440,35058,28216
31951,32839,32971,32306,34728,37092,34608,32600,32464,37612,34884,28250
31984,32743,32783,32631,34728,37092,34608,32600,32464,37612,34884,28250
31938,32557,32499,32941,34728,37092,34608,32600,32464,37612,34884,28250
32068,32669,32349,32665,34728,37092,34608,32600,32464,37612,34884,28250
32255,32568,32201,32654,34728,37092,34608,32600,32464,37612,34884,28250
32589,32255,32022,32647,34728,37092,34608,32600,32464,37612,34884,28250
32518,32402,31993,32735,34728,37092,34608,32600,32464,37612,34884,28250
32623,32805,31989,32795,34728,37092,34608,32600,32464,37612,34884,28250
32572,32930,32116,32665,34728,37092,34608,32600,32464,37612,34884,28250
32492,32683,32435,32518,34728,37092,34608,32600,32464,37612,34884,28250
32616,32618,32690,32719,34522,37128,34612,32662,32193,37422,34696,28288
32510,32695,32932,32795,34522,37128,34612,32662,32193,37422,34696,28288
32452,32891,33062,32571,34522,37128,34612,32662,32193,37422,34696,28288
32640,33071,33043,32711,34522,37128,34612,32662,32193,37422,34696,28288
32772,33095,33064,32827,34522,37128,34612,32662,32193,37422,34696,28288
32846,32947,33010,32690,34522,37128,34612,32662,32193,37422,34696,28288
32903,32927,32871,32647,34522,37128,34612,32662,32193,37422,34696,28288
33049,32877,32749,32819,34522,37128,34612,32662,32193,37422,34696,28288
32956,32803,32533,32717,34522,37128,34612,32662,32193,37422,34696,28288
33040,32789,32475,32621,34522,37128,34612,32662,32193,37422,34696,28288
33094,32967,32454,32683,34100,37076,34688,32610,32004,37360,34648,28357
33174,33043,32551,32721,34100,37076,34688,32610,32004,37360,34648,28357
33112,32900,32662,32665,34100,37076,34688,32610,32004,37360,34648,28357
33007,32846,32613,32960,34100,37076,34688,32610,32004,37360,34648,28357
33038,32757,32683,32991,34100,37076,34688,32610,32004,37360,34648,28357
33070,32851,32659,32630,34100,37076,34688,32610,32004,37360,34648,28357
33024,32671,32729,32787,34100,37076,34688,32610,32004,37360,34648,28357
33052,32463,32714,32915,34100,37076,34688,32610,32004,37360,34648,28357
33036,32535,32759,32969,34100,37076,34688,32610,32004,37360,34648,28357
33036,32647,32799,33193,34100,37076,34688,32610,32004,37360,34648,28357
33136,32859,32635,32946,33643,37040,34704,32649,31950,37244,34568,28442
33067,33029,32763,32637,33643,37040,34704,32649,31950,37244,34568,28442
32847,32727,32711,32706,33643,37040,34704,32649,31950,37244,34568,28442
32788,32599,32873,32795,33643,37040,34704,32649,31950,37244,34568,28442
32844,32669,33009,32621,33643,37040,34704,32649,31950,37244,34568,28442
32948,32465,33091,32797,33643,37040,34704,32649,31950,37244,34568,28442
33151,32427,33106,32665,33643,37040,34704,32649,31950,37244,34568,28442
33477,32667,33051,32601,33643,37040,34704,32649,31950,37244,34568,28442
33500,33007,32942,32576,33643,37040,34704,32649,31950,37244,34568,28442
33436,32925,32775,32652,33643,37040,34704,32649,31950,37244,34568,28442
33260,32851,32647,32621,33364,37033,34528,32548,31568,36916,34490,28472
33127,33235,32523,32255,33364,37033,34528,32548,31568,36916,34490,28472
33156,33433,32387,32487,33364,37033,34528,32548,31568,36916,34490,28472
33107,33079,32227,33136,33364,37033,34528,32548,31568,36916,34490,28472
33069,32759,32343,33001,33364,37033,34528,32548,31568,36916,34490,28472
32833,32709,32377,32867,33364,37033,34528,32548,31568,36916,34490,28472
32545,32895,32368,32911,33364,37033,34528,32548,31568,36916,34490,28472
32600,32854,32316,33030,33364,37033,34528,32548,31568,36916,34490,28472
32673,32735,32334,33419,33364,37033,34528,32548,31568,36916,34490,28472
32754,32863,32463,33215,33364,37033,34528,32548,31568,36916,34490,28472
32847,33046,32509,33095,33208,36920,34536,32642,31428,36740,34492,28578
32854,33029,32597,32774,33208,36920,34536,32642,31428,36740,34492,28578
32818,32722,32721,32157,33208,36920,34536,32642,31428,36740,34492,28578
32805,32519,32783,32384,33208,36920,34536,32642,31428,36740,34492,28578
32783,32496,32757,33261,33208,36920,34536,32642,31428,36740,34492,28578
32808,32464,32724,33471,33208,36920,34536,32642,31428,36740,34492,28578
32865,32535,32741,33180,33208,36920,34536,32642,31428,36740,34492,28578
32932,32519,32883,33173,33208,36920,34536,32642,31428,36740,34492,28578
32947,32619,33007,33191,33208,36920,34536,32642,31428,36740,34492,28578
32923,32775,33071,32791,33208,36920,34536,32642,31428,36740,34492,28578
32929,32903,32933,32975,33152,36872,34536,32660,31266,36600,34568,28576
32854,32928,32825,33099,33152,36872,34536,32660,31266,36600,34568,28576
32908,32889,32919,32973,33152,36872,34536,32660,31266,36600,34568,28576
32870,32909,33009,32531,33152,36872,34536,32660,31266,36600,34568,28576
32858,32871,33026,32036,33152,36872,34536,32660,31266,36600,34568,28576
32782,32817,32999,32564,33152,36872,34536,32660,31266,36600,34568,28576
32720,32873,33069,32551,33152,36872,34536,32660,31266,36600,34568,28576
32708,33150,33025,32507,33152,36872,34536,32660,31266,36600,34568,28576
32681,33055,33286,32356,33152,36872,34536,32660,31266,36600,34568,28576
32667,32639,33199,32543,33152,36872,34536,32660,31266,36600,34568,28576
32666,32143,33137,33075,33134,36920,34668,32668,31212,36720,34576,28680
32741,31891,32959,33398,33134,36920,34668,32668,31212,36720,34576,28680
32650,32053,32821,33381,33134,36920,34668,32668,31212,36720,34576,28680
32654,32371,32748,33013,33134,36920,34668,32668,31212,36720,34576,28680
32621,32727,32870,32568,33134,36920,34668,32668,31212,36720,34576,28680
32588,32813,32723,32517,33134,36920,34668,32668,31212,36720,34576,28680
32493,32742,32641,32155,33134,36920,34668,32668,31212,36720,34576,28680
32530,32789,32488,32227,33134,36920,34668,32668,31212,36720,34576,28680
32558,32831,32454,32615,33134,36920,34668,32668,31212,36720,34576,28680
32583,32695,32627,32939,33134,36920,34668,32668,31212,36720,34576,28680
32594,32515,32511,33225,33032,36986,34636,32770,31160,36760,34500,28706
32624,32486,32549,33311,33032,36986,34636,32770,31160,36760,34500,28706
32680,32677,32621,32878,33032,36986,34636,32770,31160,36760,34500,28706
32699,32839,32615,32610,33032,36986,34636,32770,31160,36760,34500,28706
32688,32950,32528,32559,33032,36986,34636,32770,31160,36760,34500,28706
32707,33095,32516,32661,33032,36986,34636,32770,31160,36760,34500,28706
32706,33041,32579,32738,33032,36986,34636,32770,31160,36760,34500,28706
32799,33023,32714,32721,33032,36986,34636,32770,31160,36760,34500,28706
32752,32931,32748,32727,33032,36986,34636,32770,31160,36760,34500,28706
32825,32967,32769,32587,33032,36986,34636,32770,31160,36760,34500,28706
32788,32903,32791,32176,33060,37208,34720,32776,31208,36844,34504,28752
32748,33019,32833,32206,33060,37208,34720,32776,31208,36844,34504,28752
32697,33117,32818,33631,33060,37208,34720,32776,31208,36844,34504,28752
32730,32939,32768,33695,33060,37208,34720,32776,31208,36844,34504,28752
32709,32865,32716,32823,33060,37208,34720,32776,31208,36844,34504,28752
32650,32887,32690,32926,33060,37208,34720,32776,31208,36844,34504,28752
32669,32873,32744,31988,33060,37208,34720,32776,31208,36844,34504,28752
32675,32994,32801,31864,33060,37208,34720,32776,31208,36844,34504,28752
32645,33213,32893,33549,33060,37208,34720,32776,31208,36844,34504,28752
32633,33165,32807,33880,33060,37208,34720,32776,31208,36844,34504,28752
32692,33099,32768,32881,33397,37252,34538,32824,31504,36984,34320,28788
32725,32955,32809,32626,33397,37252,34538,32824,31504,36984,34320,28788
32816,32807,32795,32599,33397,37252,34538,32824,31504,36984,34320,28788
32799,31928,32801,33067,33397,37252,34538,32824,31504,36984,34320,28788
32928,31779,32741,33211,33397,37252,34538,32824,31504,36984,34320,28788
32981,32282,32614,32647,33397,37252,34538,32824,31504,36984,34320,28788
33006,32775,32663,32550,33397,37252,34538,32824,31504,36984,34320,28788
33027,32343,32870,32708,33397,37252,34538,32824,31504,36984,34320,28788
33049,32227,32789,32705,33397,37252,34538,32824,31504,36984,34320,28788
33002,32374,32791,32566,33397,37252,34538,32824,31504,36984,34320,28788
32993,32442,32816,32463,33780,37180,34412,32859,31840,37050,34208,28840
32931,32631,32698,32639,33780,37180,34412,32859,31840,37050,34208,28840
32847,32971,32775,32585,33780,37180,34412,32859,31840,37050,34208,28840
32804,32998,32848,32689,33780,37180,34412,32859,31840,37050,34208,28840
32795,33012,32884,32611,33780,37180,34412,32859,31840,37050,34208,28840
32733,32879,32823,32569,33780,37180,34412,32859,31840,37050,34208,28840
32651,32927,32758,32734,33780,37180,34412,32859,31840,37050,34208,28840
32535,33119,32775,32775,33780,37180,34412,32859,31840,37050,34208,28840
32540,33017,32991,32839,33780,37180,34412,32859,31840,37050,34208,28840
32485,32951,32962,32835,33780,37180,34412,32859,31840,37050,34208,28840
32514,32943,32923,32649,33922,37040,34258,32724,31808,37032,34226,28904
32557,32898,32818,32837,33922,37040,34258,32724,31808,37032,34226,28904
32541,32815,32821,32959,33922,37040,34258,32724,31808,37032,34226,28904
32556,32736,32967,32984,33922,37040,34258,32724,31808,37032,34226,28904
32572,32682,32998,32823,33922,37040,34258,32724,31808,37032,34226,28904
32637,32630,32925,32574,33922,37040,34258,32724,31808,37032,34226,28904
32612,32670,32791,32639,33922,37040,34258,32724,31808,37032,34226,28904
32731,32711,32756,32827,33922,37040,34258,32724,31808,37032,34226,28904
32758,32679,32790,32916,33922,37040,34258,32724,31808,37032,34226,28904
32855,32715,32966,32315,33922,37040,34258,32724,31808,37032,34226,28904
32916,32711,32944,32535,33884,36968,33935,32744,31866,36956,34154,28949
32818,32507,32863,33071,33884,36968,33935,32744,31866,36956,34154,28949
32839,32423,32739,33199,33884,36968,33935,32744,31866,36956,34154,28949
32904,32469,32719,32983,33884,36968,33935,32744,31866,36956,34154,28949
32898,32509,32757,33158,33884,36968,33935,32744,31866,36956,34154,28949
32914,32582,32912,33159,33884,36968,33935,32744,31866,36956,34154,28949
32903,32615,32887,32601,33884,36968,33935,32744,31866,36956,34154,28949
32905,32575,32839,32146,33884,36968,33935,32744,31866,36956,34154,28949
32896,32722,32812,32319,33884,36968,33935,32744,31866,36956,34154,28949
32802,32621,32854,32664,33884,36968,33935,32744,31866,36956,34154,28949
32900,32547,32655,32935,33888,36890,33778,32682,31918,36858,34040,28979
33127,32668,32663,33079,33888,36890,33778,32682,31918,36858,34040,28979
33123,32811,32801,33025,33888,36890,33778,32682,31918,36858,34040,28979
33146,32745,32728,32839,33888,36890,33778,32682,31918,36858,34040,28979
33040,32907,32717,32763,33888,36890,33778,32682,31918,36858,34040,28979
32891,32914,32645,32957,33888,36890,33778,32682,31918,36858,34040,28979
32940,32709,32663,32967,33888,36890,33778,32682,31918,36858,34040,28979
32864,32662,32795,32643,33888,36890,33778,32682,31918,36858,34040,28979
32855,33017,32823,32721,33888,36890,33778,32682,31918,36858,34040,28979
32775,33189,32863,32871,33888,36890,33778,32682,31918,36858,34040,28979
32794,33174,32769,32679,33880,36802,33656,32780,32048,36908,33964,28990
32808,32995,32775,32745,33880,36802,33656,32780,32048,36908,33964,28990
32860,32527,32717,33093,33880,36802,33656,32780,32048,36908,33964,28990
32992,32314,32605,33045,33880,36802,33656,32780,32048,36908,33964,28990
32949,32239,32631,32839,33880,36802,33656,32780,32048,36908,33964,28990
32775,32141,32606,32829,33880,36802,33656,32780,32048,36908,33964,28990
32748,32079,32624,32750,33880,36802,33656,32780,32048,36908,33964,28990
32727,32351,32792,32361,33880,36802,33656,32780,32048,36908,33964,28990
32724,32595,32773,32399,33880,36802,33656,32780,32048,36908,33964,28990
32717,32743,32802,32811,33880,36802,33656,32780,32048,36908,33964,28990
32680,32957,32746,32855,33952,36864,33568,32654,31956,36952,33968,29024
32649,33062,32769,32722,33952,36864,33568,32654,31956,36952,33968,29024
32669,33306,32704,32877,33952,36864,33568,32654,31956,36952,33968,29024
32637,33447,32847,33150,33952,36864,33568,32654,31956,36952,33968,29024
32545,33346,32878,33267,33952,36864,33568,32654,31956,36952,33968,29024
32559,33092,32920,32994,33952,36864,33568,32654,31956,36952,33968,29024
32599,33234,32889,32075,33952,36864,33568,32654,31956,36952,33968,29024
32552,33343,32806,30977,33952,36864,33568,32654,31956,36952,33968,29024
32613,32719,32806,32079,33952,36864,33568,32654,31956,36952,33968,29024
32650,32103,32679,32737,33952,36864,33568,32654,31956,36952,33968,29024
32672,31973,32667,33186,34009,37000,33632,32748,31840,37042,34005,29040
32704,32460,32587,33403,34009,37000,33632,32748,31840,37042,34005,29040
32719,32701,32652,32831,34009,37000,33632,32748,31840,37042,34005,29040
32786,32651,32711,32879,34009,37000,33632,32748,31840,37042,34005,29040
32736,32771,32835,34195,34009,37000,33632,32748,31840,37042,34005,29040
32658,32936,32800,33631,34009,37000,33632,32748,31840,37042,34005,29040
32744,32820,32761,33078,34009,37000,33632,32748,31840,37042,34005,29040
32649,32379,32699,32914,34009,37000,33632,32748,31840,37042,34005,29040
32612,32547,32713,32797,34009,37000,33632,32748,31840,37042,34005,29040
32624,32683,32877,32917,34009,37000,33632,32748,31840,37042,34005,29040
32558,32775,32750,32933,34158,37097,33802,32620,31901,37184,34048,29048
32569,32491,32684,32883,34158,37097,33802,32620,31901,37184,34048,29048
32530,32615,32644,32769,34158,37097,33802,32620,31901,37184,34048,29048
32571,32744,32811,32570,34158,37097,33802,32620,31901,37184,34048,29048
32521,32791,32855,32675,34158,37097,33802,32620,31901,37184,34048,29048
32540,32813,32827,32742,34158,37097,33802,32620,31901,37184,34048,29048
32589,32872,32823,32719,34158,37097,33802,32620,31901,37184,34048,29048
32584,32899,32706,32707,34158,37097,33802,32620,31901,37184,34048,29048
32554,33003,32846,32579,34158,37097,33802,32620,31901,37184,34048,29048
32625,33039,32886,32519,34158,37097,33802,32620,31901,37184,34048,29048
32599,32941,32839,32693,34248,37176,33952,32704,31869,37196,34152,29080
32636,32827,32757,32855,34248,37176,33952,32704,31869,37196,34152,29080
32704,32861,32735,32708,34248,37176,33952,32704,31869,37196,34152,29080
32708,32767,32751,32385,34248,37176,33952,32704,31869,37196,34152,29080
32657,32795,32898,32151,34248,37176,33952,32704,31869,37196,34152,29080
32745,32942,32919,32199,34248,37176,33952,32704,31869,37196,34152,29080
32696,32815,32855,32437,34248,37176,33952,32704,31869,37196,34152,29080
32712,32866,32757,32580,34248,37176,33952,32704,31869,37196,34152,29080
32826,32922,32717,32239,34248,37176,33952,32704,31869,37196,34152,29080
32795,33051,32846,32545,34248,37176,33952,32704,31869,37196,34152,29080
32815,32939,32851,32479,34224,37136,33996,32656,31872,37156,34244,29124
32788,32705,32877,33040,34224,37136,33996,32656,31872,37156,34244,29124
32806,32408,32715,34143,34224,37136,33996,32656,31872,37156,34244,29124
32880,32332,32725,33557,34224,37136,33996,32656,31872,37156,34244,29124
32792,32826,32743,32549,34224,37136,33996,32656,31872,37156,34244,29124
32806,33095,32698,31983,34224,37136,33996,32656,31872,37156,34244,29124
32797,32937,32839,32542,34224,37136,33996,32656,31872,37156,34244,29124
32784,32677,32902,32982,34224,37136,33996,32656,31872,37156,34244,29124
32812,32317,32901,34144,34224,37136,33996,32656,31872,37156,34244,29124
32825,32295,32761,34575,34224,37136,33996,32656,31872,37156,34244,29124
32882,32519,32879,33684,34177,37088,34072,32670,31992,37144,34312,29108
32891,32407,32899,32578,34177,37088,34072,32670,31992,37144,34312,29108
32854,32198,32940,32385,34177,37088,34072,32670,31992,37144,34312,29108
32850,32172,32759,32997,34177,37088,34072,32670,31992,37144,34312,29108
32858,32310,32995,34075,34177,37088,34072,32670,31992,37144,34312,29108
32827,32416,32963,33411,34177,37088,34072,32670,31992,37144,34312,29108
32830,32575,32971,32357,34177,37088,34072,32670,31992,37144,34312,29108
32896,32775,32790,32053,34177,37088,34072,32670,31992,37144,34312,29108
32905,33067,32750,31527,34177,37088,34072,32670,31992,37144,34312,29108
32905,33131,32825,31590,34177,37088,34072,32670,31992,37144,34312,29108
32960,33106,32882,32013,34232,36930,34244,32566,32160,37166,34336,29130
32943,33010,32858,32497,34232,36930,34244,32566,32160,37166,34336,29130
32952,32909,32805,32553,34232,36930,34244,32566,32160,37166,34336,29130
32903,32925,32730,32361,34232,36930,34244,32566,32160,37166,34336,29130
32966,33010,32641,32455,34232,36930,34244,32566,32160,37166,34336,29130
32971,32854,32583,34079,34232,36930,34244,32566,32160,37166,34336,29130
33150,32647,32763,34118,34232,36930,34244,32566,32160,37166,34336,29130
33014,32631,32775,32825,34232,36930,34244,32566,32160,37166,34336,29130
32930,32590,32734,33423,34232,36930,34244,32566,32160,37166,34336,29130
33010,32562,32589,33975,34232,36930,34244,32566,32160,37166,34336,29130
32960,32707,32775,33065,34378,36896,34346,32620,32312,37050,34468,29122
32886,32843,32807,32263,34378,36896,34346,32620,32312,37050,34468,29122
32786,32726,32702,32302,34378,36896,34346,32620,32312,37050,34468,29122
32629,32741,32773,32439,34378,36896,34346,32620,32312,37050,34468,29122
32740,32621,32903,32681,34378,36896,34346,32620,32312,37050,34468,29122
32237,32695,32783,32775,34378,36896,34346,32620,32312,37050,34468,29122
31714,32911,32726,32530,34378,36896,34346,32620,32312,37050,34468,29122
32377,33043,32733,32214,34378,36896,34346,32620,32312,37050,34468,29122
34217,33211,32935,32093,34378,36896,34346,32620,32312,37050,34468,29122
35826,33263,32888,32018,34378,36896,34346,32620,32312,37050,34468,29122
35362,33071,32882,32511,34347,36800,34536,32498,32287,37080,34556,29178
33964,32814,32927,33197,34347,36800,34536,32498,32287,37080,34556,29178
32408,32758,32793,33359,34347,36800,34536,32498,32287,37080,34556,29178
31138,32492,32834,33394,34347,36800,34536,32498,32287,37080,34556,29178
30973,32475,32806,33357,34347,36800,34536,32498,32287,37080,34556,29178
30906,32231,32736,32865,34347,36800,34536,32498,32287,37080,34556,29178
31137,32135,32695,32159,34347,36800,34536,32498,32287,37080,34556,29178
31510,32154,32579,32456,34347,36800,34536,32498,32287,37080,34556,29178
31759,32382,32742,32332,34347,36800,34536,32498,32287,37080,34556,29178
31593,32953,32929,31620,34347,36800,34536,32498,32287,37080,34556,29178
31483,33212,32917,32007,34200,36642,34592,32446,32148,37016,34680,29130
32161,33021,32772,32813,34200,36642,34592,32446,32148,37016,34680,29130
32931,32725,32804,33176,34200,36642,34592,32446,32148,37016,34680,29130
33281,32647,32877,33230,34200,36642,34592,32446,32148,37016,34680,29130
33913,32637,32905,33461,34200,36642,34592,32446,32148,37016,34680,29130
33915,32738,32713,33339,34200,36642,34592,32446,32148,37016,34680,29130
33596,32858,32696,33135,34200,36642,34592,32446,32148,37016,34680,29130
33327,32896,32846,32973,34200,36642,34592,32446,32148,37016,34680,29130
33230,33062,32853,32566,34200,36642,34592,32446,32148,37016,34680,29130
33074,33219,32878,32339,34200,36642,34592,32446,32148,37016,34680,29130
32709,33141,32813,32624,34200,36686,34633,32488,32008,37010,34858,29152
32171,33025,32673,33087,34200,36686,34633,32488,32008,37010,34858,29152
31911,32903,32699,33215,34200,36686,34633,32488,32008,37010,34858,29152
32092,33014,32803,32607,34200,36686,34633,32488,32008,37010,34858,29152
32240,33071,32775,31991,34200,36686,34633,32488,32008,37010,34858,29152
32004,33047,32757,32077,34200,36686,34633,32488,32008,37010,34858,29152
31860,32931,32745,32647,34200,36686,34633,32488,32008,37010,34858,29152
32261,32819,32654,33081,34200,36686,34633,32488,32008,37010,34858,29152
32972,32983,32626,33065,34200,36686,34633,32488,32008,37010,34858,29152
33505,33106,32747,32963,34200,36686,34633,32488,32008,37010,34858,29152
33512,33279,32875,32834,34182,36824,35064,32412,31864,36954,35004,29166
34081,33378,32818,32813,34182,36824,35064,32412,31864,36954,35004,29166
34374,33146,32775,33698,34182,36824,35064,32412,31864,36954,35004,29166
34034,32911,32657,32322,34182,36824,35064,32412,31864,36954,35004,29166
33953,32646,32807,32147,34182,36824,35064,32412,31864,36954,35004,29166
33360,32437,32855,32925,34182,36824,35064,32412,31864,36954,35004,29166
32877,32333,32815,33611,34182,36824,35064,32412,31864,36954,35004,29166
33106,32662,32697,33607,34182,36824,35064,32412,31864,36954,35004,29166
33184,33047,32668,33083,34182,36824,35064,32412,31864,36954,35004,29166
32865,33503,32736,32349,34182,36824,35064,32412,31864,36954,35004,29166
32958,33848,32690,31847,34184,36939,35288,32388,31912,37088,35000,29148
33413,33415,32674,32489,34184,36939,35288,32388,31912,37088,35000,29148
32714,32561,32885,33263,34184,36939,35288,32388,31912,37088,35000,29148
31714,31837,32841,33511,34184,36939,35288,32388,31912,37088,35000,29148
31357,31813,32773,33417,34184,36939,35288,32388,31912,37088,35000,29148
31830,32262,32692,33127,34184,36939,35288,32388,31912,37088,35000,29148
32362,32479,32689,32845,34184,36939,35288,32388,31912,37088,35000,29148
32388,32353,32695,32370,34184,36939,35288,32388,31912,37088,35000,29148
32355,32247,32870,32281,34184,36939,35288,32388,31912,37088,35000,29148
32779,32341,32927,32563,34184,36939,35288,32388,31912,37088,35000,29148
32968,32631,32871,32349,34360,37124,35176,32351,32206,37306,34920,29112
33151,32793,32818,32289,34360,37124,35176,32351,32206,37306,34920,29112
33219,32898,32806,32263,34360,37124,35176,32351,32206,37306,34920,29112
33268,33037,32863,32451,34360,37124,35176,32351,32206,37306,34920,29112
33277,32974,32901,32718,34360,37124,35176,32351,32206,37306,34920,29112
33302,33108,32854,32382,34360,37124,35176,32351,32206,37306,34920,29112
33232,33159,32742,32263,34360,37124,35176,32351,32206,37306,34920,29112
33774,33097,32923,32946,34360,37124,35176,32351,32206,37306,34920,29112
34720,33247,32825,33799,34360,37124,35176,32351,32206,37306,34920,29112
34559,33347,32699,33370,34360,37124,35176,32351,32206,37306,34920,29112
33336,32987,32807,32804,34744,37006,34955,32380,32368,37422,34832,29048
32333,32598,32819,32677,34744,37006,34955,32380,32368,37422,34832,29048
32007,32623,32839,32671,34744,37006,34955,32380,32368,37422,34832,29048
31731,32677,32717,33051,34744,37006,34955,32380,32368,37422,34832,29048
31698,32887,32724,33429,34744,37006,34955,32380,32368,37422,34832,29048
31741,32813,32819,33183,34744,37006,34955,32380,32368,37422,34832,29048
31808,32610,32935,33023,34744,37006,34955,32380,32368,37422,34832,29048
31824,33478,32869,32647,34744,37006,34955,32380,32368,37422,34832,29048
32134,34271,32701,32193,34744,37006,34955,32380,32368,37422,34832,29048
32590,34075,32702,32025,34744,37006,34955,32380,32368,37422,34832,29048
32473,34043,32647,32435,34802,36986,34568,32320,32538,37448,34616,29048
32001,32972,32897,32979,34802,36986,34568,32320,32538,37448,34616,29048
32436,31460,32903,33175,34802,36986,34568,32320,32538,37448,34616,29048
32871,31461,32682,32762,34802,36986,34568,32320,32538,37448,34616,29048
33125,31924,32705,32624,34802,36986,34568,32320,32538,37448,34616,29048
33224,30523,32835,33171,34802,36986,34568,32320,32538,37448,34616,29048
33219,30411,32775,33051,34802,36986,34568,32320,32538,37448,34616,29048
33164,31209,32823,32623,34802,36986,34568,32320,32538,37448,34616,29048
33081,32311,32647,32723,34802,36986,34568,32320,32538,37448,34616,29048
32951,32402,32711,33074,34802,36986,34568,32320,32538,37448,34616,29048
32807,32489,32866,33279,34762,37054,34180,32308,32424,37388,34488,29016
32486,32775,32835,33347,34762,37054,34180,32308,32424,37388,34488,29016
32399,33051,32763,32696,34762,37054,34180,32308,32424,37388,34488,29016
32165,33415,32647,32551,34762,37054,34180,32308,32424,37388,34488,29016
31685,33597,32711,32274,34762,37054,34180,32308,32424,37388,34488,29016
32406,33306,32829,32809,34762,37054,34180,32308,32424,37388,34488,29016
32132,33311,32971,32859,34762,37054,34180,32308,32424,37388,34488,29016
32270,33005,32916,32891,34762,37054,34180,32308,32424,37388,34488,29016
32902,32967,32769,32843,34762,37054,34180,32308,32424,37388,34488,29016
33046,33287,32751,32067,34762,37054,34180,32308,32424,37388,34488,29016
33734,33095,32575,31510,34588,37220,34114,32200,32072,37229,34316,28938
33950,32658,32487,32775,34588,37220,34114,32200,32072,37229,34316,28938
33799,32370,32539,33658,34588,37220,34114,32200,32072,37229,34316,28938
33277,32082,32676,33557,34588,37220,34114,32200,32072,37229,34316,28938
33335,32262,32740,32302,34588,37220,34114,32200,32072,37229,34316,28938
32386,32931,32747,31226,34588,37220,34114,32200,32072,37229,34316,28938
31136,32839,32717,31234,34588,37220,34114,32200,32072,37229,34316,28938
30856,32511,32847,32355,34588,37220,34114,32200,32072,37229,34316,28938
30669,31989,32967,33910,34588,37220,34114,32200,32072,37229,34316,28938
31275,32167,32863,34545,34588,37220,34114,32200,32072,37229,34316,28938
31728,32431,32781,34132,34172,37760,33876,32272,31684,37386,34102,28914
32168,32143,32764,33683,34172,37760,33876,32272,31684,37386,34102,28914
32374,32631,32935,33159,34172,37760,33876,32272,31684,37386,34102,28914
32604,32878,32893,32787,34172,37760,33876,32272,31684,37386,34102,28914
32818,33174,32839,32775,34172,37760,33876,32272,31684,37386,34102,28914
32623,33255,32745,32890,34172,37760,33876,32272,31684,37386,34102,28914
32679,33579,32711,32744,34172,37760,33876,32272,31684,37386,34102,28914
32698,33442,32841,32439,34172,37760,33876,32272,31684,37386,34102,28914
32813,33407,32870,32455,34172,37760,33876,32272,31684,37386,34102,28914
33046,33211,32888,32666,34172,37760,33876,32272,31684,37386,34102,28914
34076,32775,32752,32815,33794,38144,33764,32176,31288,37512,33936,28844
34516,32751,32935,32866,33794,38144,33764,32176,31288,37512,33936,28844
33748,32511,32907,32892,33794,38144,33764,32176,31288,37512,33936,28844
32863,32519,32880,32678,33794,38144,33764,32176,31288,37512,33936,28844
32786,32799,32843,32745,33794,38144,33764,32176,31288,37512,33936,28844
33106,32831,32759,32873,33794,38144,33764,32176,31288,37512,33936,28844
33090,32809,32759,32685,33794,38144,33764,32176,31288,37512,33936,28844
32918,32897,32831,32560,33794,38144,33764,32176,31288,37512,33936,28844
32804,32829,32891,32575,33794,38144,33764,32176,31288,37512,33936,28844
32578,32806,32684,32765,33794,38144,33764,32176,31288,37512,33936,28844
32404,32879,32715,32847,33440,38224,33616,32164,31056,37502,33668,28748
31893,32893,32891,32839,33440,38224,33616,32164,31056,37502,33668,28748
31886,32909,32889,32802,33440,38224,33616,32164,31056,37502,33668,28748
32062,32765,32855,32711,33440,38224,33616,32164,31056,37502,33668,28748
32326,32699,32653,32715,33440,38224,33616,32164,31056,37502,33668,28748
32905,32659,32723,32900,33440,38224,33616,32164,31056,37502,33668,28748
33438,32754,32833,32876,33440,38224,33616,32164,31056,37502,33668,28748
33625,32899,32688,32831,33440,38224,33616,32164,31056,37502,33668,28748
33980,32802,32644,32703,33440,38224,33616,32164,31056,37502,33668,28748
34006,32711,32741,32612,33440,38224,33616,32164,31056,37502,33668,28748
33446,32674,32936,32674,33122,38272,33355,32255,30888,37556,33572,28636
32861,32703,32890,32903,33122,38272,33355,32255,30888,37556,33572,28636
33818,32588,32815,32962,33122,38272,33355,32255,30888,37556,33572,28636
35787,32611,32771,33038,33122,38272,33355,32255,30888,37556,33572,28636
35255,32726,32895,32882,33122,38272,33355,32255,30888,37556,33572,28636
33735,32821,32995,32739,33122,38272,33355,32255,30888,37556,33572,28636
36128,32909,32950,32951,33122,38272,33355,32255,30888,37556,33572,28636
35012,32967,33045,32976,33122,38272,33355,32255,30888,37556,33572,28636
32345,32971,32795,32966,33122,38272,33355,32255,30888,37556,33572,28636
28705,32843,32873,32809,33122,38272,33355,32255,30888,37556,33572,28636
28041,32615,32899,32643,33092,38540,33040,32200,31020,37673,33392,28512
28508,32516,32608,32633,33092,38540,33040,32200,31020,37673,33392,28512
30744,32515,32341,32679,33092,38540,33040,32200,31020,37673,33392,28512
32786,32519,32041,32687,33092,38540,33040,32200,31020,37673,33392,28512
32892,32630,32199,32795,33092,38540,33040,32200,31020,37673,33392,28512
32685,32647,32507,32687,33092,38540,33040,32200,31020,37673,33392,28512
33574,32685,32639,32482,33092,38540,33040,32200,31020,37673,33392,28512
32530,32887,32887,32650,33092,38540,33040,32200,31020,37673,33392,28512
31613,32879,33225,32843,33092,38540,33040,32200,31020,37673,33392,28512
31145,32875,33153,32903,33092,38540,33040,32200,31020,37673,33392,28512
31680,32424,32926,32852,33484,38573,32432,32311,31364,38256,33520,28368
32359,32061,32775,32855,33484,38573,32432,32311,31364,38256,33520,28368
33027,31819,32775,32979,33484,38573,32432,32311,31364,38256,33520,28368
33604,32231,32989,32326,33484,38573,32432,32311,31364,38256,33520,28368
33849,32435,32927,31983,33484,38573,32432,32311,31364,38256,33520,28368
33802,32423,32687,32519,33484,38573,32432,32311,31364,38256,33520,28368
33660,32363,32907,33079,33484,38573,32432,32311,31364,38256,33520,28368
33664,32367,32831,33255,33484,38573,32432,32311,31364,38256,33520,28368
33662,32437,32765,33277,33484,38573,32432,32311,31364,38256,33520,28368
33721,32725,32959,33094,33484,38573,32432,32311,31364,38256,33520,28368
33690,32922,32843,32837,34702,38532,31832,32284,31976,38620,33641,28176
33585,33125,32755,32694,34702,38532,31832,32284,31976,38620,33641,28176
33412,33041,32850,32685,34702,38532,31832,32284,31976,38620,33641,28176
33343,32982,32804,32737,34702,38532,31832,32284,31976,38620,33641,28176
33434,32935,32641,32661,34702,38532,31832,32284,31976,38620,33641,28176
34132,33015,32849,32775,34702,38532,31832,32284,31976,38620,33641,28176
34604,32891,32951,32751,34702,38532,31832,32284,31976,38620,33641,28176
35248,32829,32946,32907,34702,38532,31832,32284,31976,38620,33641,28176
34687,32731,32775,32925,34702,38532,31832,32284,31976,38620,33641,28176
33125,32524,33010,32675,34702,38532,31832,32284,31976,38620,33641,28176
31779,32421,32948,32639,35780,38280,31914,32088,32836,38826,33576,28004
31346,32549,32807,32631,35780,38280,31914,32088,32836,38826,33576,28004
32102,32773,32687,32767,35780,38280,31914,32088,32836,38826,33576,28004
32197,32941,32647,32847,35780,38280,31914,32088,32836,38826,33576,28004
31429,32902,32497,32837,35780,38280,31914,32088,32836,38826,33576,28004
31070,32945,32419,32831,35780,38280,31914,32088,32836,38826,33576,28004
31565,33170,32413,32612,35780,38280,31914,32088,32836,38826,33576,28004
32676,33235,32593,32775,35780,38280,31914,32088,32836,38826,33576,28004
32540,33271,32834,33147,35780,38280,31914,32088,32836,38826,33576,28004
32130,33287,32893,33207,35780,38280,31914,32088,32836,38826,33576,28004
31993,33747,32775,32999,36005,38330,32556,32122,33371,39272,33604,27825
31902,34071,32613,32581,36005,38330,32556,32122,33371,39272,33604,27825
32328,34813,32760,31967,36005,38330,32556,32122,33371,39272,33604,27825
32544,34707,32697,32405,36005,38330,32556,32122,33371,39272,33604,27825
32808,33963,32921,32743,36005,38330,32556,32122,33371,39272,33604,27825
32846,33315,33215,32911,36005,38330,32556,32122,33371,39272,33604,27825
32775,32898,32868,32864,36005,38330,32556,32122,33371,39272,33604,27825
32767,32945,32730,32647,36005,38330,32556,32122,33371,39272,33604,27825
32754,33273,32748,32687,36005,38330,32556,32122,33371,39272,33604,27825
32674,33499,32688,32938,36005,38330,32556,32122,33371,39272,33604,27825
32604,33317,32599,32987,35956,38372,32794,31938,33414,39488,33860,27600
32640,32567,32612,32967,35956,38372,32794,31938,33414,39488,33860,27600
32660,31867,32731,32774,35956,38372,32794,31938,33414,39488,33860,27600
32711,31727,32783,32724,35956,38372,32794,31938,33414,39488,33860,27600
32517,32037,32710,32775,35956,38372,32794,31938,33414,39488,33860,27600
32423,32531,32614,32861,35956,38372,32794,31938,33414,39488,33860,27600
32342,33043,32658,32903,35956,38372,32794,31938,33414,39488,33860,27600
32283,33345,32702,32914,35956,38372,32794,31938,33414,39488,33860,27600
32300,33426,32729,32930,35956,38372,32794,31938,33414,39488,33860,27600
32336,33538,32610,32769,35956,38372,32794,31938,33414,39488,33860,27600
32412,33621,32592,32697,36137,38824,32850,31740,33396,39760,33844,27404
32498,33640,32831,32707,36137,38824,32850,31740,33396,39760,33844,27404
32600,32623,32883,32823,36137,38824,32850,31740,33396,39760,33844,27404
32866,32243,32679,32738,36137,38824,32850,31740,33396,39760,33844,27404
32905,32532,32989,32767,36137,38824,32850,31740,33396,39760,33844,27404
32972,32645,33045,32583,36137,38824,32850,31740,33396,39760,33844,27404
33104,32638,32688,32737,36137,38824,32850,31740,33396,39760,33844,27404
33194,32531,32286,32825,36137,38824,32850,31740,33396,39760,33844,27404
33340,32106,32110,32879,36137,38824,32850,31740,33396,39760,33844,27404
33413,31736,32303,32655,36137,38824,32850,31740,33396,39760,33844,27404
33470,31603,32344,32838,36352,39136,32700,31584,33132,40156,33464,27210
33497,31637,31913,32815,36352,39136,32700,31584,33132,40156,33464,27210
33470,31691,32278,32955,36352,39136,32700,31584,33132,40156,33464,27210
33444,31665,32709,32719,36352,39136,32700,31584,33132,40156,33464,27210
33436,31683,32750,32655,36352,39136,32700,31584,33132,40156,33464,27210
33454,31695,32817,32830,36352,39136,32700,31584,33132,40156,33464,27210
33374,31845,32630,32911,36352,39136,32700,31584,33132,40156,33464,27210
33242,31945,32583,32793,36352,39136,32700,31584,33132,40156,33464,27210
33023,31999,32698,32631,36352,39136,32700,31584,33132,40156,33464,27210
32832,31912,32867,32799,36352,39136,32700,31584,33132,40156,33464,27210
32688,31687,33199,32836,36556,39308,32876,31402,33216,40584,32992,26972
32644,31041,34117,32611,36556,39308,32876,31402,33216,40584,32992,26972
32494,29959,33863,32800,36556,39308,32876,31402,33216,40584,32992,26972
32402,30934,33998,32863,36556,39308,32876,31402,33216,40584,32992,26972
32544,33083,33918,32619,36556,39308,32876,31402,33216,40584,32992,26972
32625,33287,32850,32871,36556,39308,32876,31402,33216,40584,32992,26972
32712,32999,32596,32955,36556,39308,32876,31402,33216,40584,32992,26972
32896,32798,32967,32804,36556,39308,32876,31402,33216,40584,32992,26972
32957,32821,33277,32573,36556,39308,32876,31402,33216,40584,32992,26972
33021,32927,34190,32762,36556,39308,32876,31402,33216,40584,32992,26972
33137,32768,33879,32793,36530,39304,32873,31204,33060,40940,32842,26660
33120,32611,33349,32901,36530,39304,32873,31204,33060,40940,32842,26660
33374,32717,33283,32842,36530,39304,32873,31204,33060,40940,32842,26660
33355,32883,31511,32677,36530,39304,32873,31204,33060,40940,32842,26660
33172,33047,29738,32903,36530,39304,32873,31204,33060,40940,32842,26660
32828,32862,30505,32932,36530,39304,32873,31204,33060,40940,32842,26660
32494,32820,31691,32689,36530,39304,32873,31204,33060,40940,32842,26660
32302,32919,32429,32681,36530,39304,32873,31204,33060,40940,32842,26660
32009,32903,32553,32938,36530,39304,32873,31204,33060,40940,32842,26660
31841,32957,32358,32973,36530,39304,32873,31204,33060,40940,32842,26660
31646,32985,32384,32684,36388,39048,32832,31140,33081,40536,33045,26314
31450,32655,32657,32888,36388,39048,32832,31140,33081,40536,33045,26314
31276,32727,32954,32919,36388,39048,32832,31140,33081,40536,33045,26314
31187,32255,32967,32571,36388,39048,32832,31140,33081,40536,33045,26314
31153,31879,32957,32762,36388,39048,32832,31140,33081,40536,33045,26314
31254,32379,32845,32887,36388,39048,32832,31140,33081,40536,33045,26314
31438,32890,32877,32606,36388,39048,32832,31140,33081,40536,33045,26314
31655,32868,32843,32721,36388,39048,32832,31140,33081,40536,33045,26314
32032,32775,32792,32896,36388,39048,32832,31140,33081,40536,33045,26314
32356,33287,32871,32855,36388,39048,32832,31140,33081,40536,33045,26314
32741,33723,32783,32619,36226,38328,32780,31156,32900,39732,33896,26016
33121,34842,33027,32857,36226,38328,32780,31156,32900,39732,33896,26016
33362,35486,33214,32871,36226,38328,32780,31156,32900,39732,33896,26016
33413,36587,33431,32685,36226,38328,32780,31156,32900,39732,33896,26016
33466,36913,33963,32726,36226,38328,32780,31156,32900,39732,33896,26016
33472,36983,34529,32742,36226,38328,32780,31156,32900,39732,33896,26016
33479,36736,35812,32815,36226,38328,32780,31156,32900,39732,33896,26016
33312,36939,36977,32786,36226,38328,32780,31156,32900,39732,33896,26016
33096,36438,35324,32592,36226,38328,32780,31156,32900,39732,33896,26016
33014,34494,33599,32703,36226,38328,32780,31156,32900,39732,33896,26016
33108,32750,30580,32815,35760,37689,33444,31080,32776,38509,35124,25571
33144,31566,27567,32794,35760,37689,33444,31080,32776,38509,35124,25571
33017,30794,26643,32806,35760,37689,33444,31080,32776,38509,35124,25571
32820,27661,29235,32927,35760,37689,33444,31080,32776,38509,35124,25571
32813,23825,32073,33277,35760,37689,33444,31080,32776,38509,35124,25571
32937,23994,32446,33317,35760,37689,33444,31080,32776,38509,35124,25571
32969,30081,32850,33005,35760,37689,33444,31080,32776,38509,35124,25571
33081,35531,33591,32758,35760,37689,33444,31080,32776,38509,35124,25571
33110,37539,32805,32579,35760,37689,33444,31080,32776,38509,35124,25571
33267,37611,32244,32583,35760,37689,33444,31080,32776,38509,35124,25571
33249,35222,32576,32591,35384,37417,34508,30952,32706,37437,36672,25332
33239,31677,32900,32706,35384,37417,34508,30952,32706,37437,36672,25332
33302,32135,32954,32815,35384,37417,34508,30952,32706,37437,36672,25332
33283,32773,33041,32771,35384,37417,34508,30952,32706,37437,36672,25332
33350,31081,33577,32762,35384,37417,34508,30952,32706,37437,36672,25332
33270,30087,33112,32763,35384,37417,34508,30952,32706,37437,36672,25332
33202,29348,33187,32662,35384,37417,34508,30952,32706,37437,36672,25332
33121,30119,33035,32550,35384,37417,34508,30952,32706,37437,36672,25332
33080,31224,33138,32683,35384,37417,34508,30952,32706,37437,36672,25332
33078,32219,33549,32796,35384,37417,34508,30952,32706,37437,36672,25332
33075,33927,33424,32775,35044,37436,35396,30848,32050,36416,37514,24922
33015,34230,33313,32877,35044,37436,35396,30848,32050,36416,37514,24922
32974,33106,33287,32727,35044,37436,35396,30848,32050,36416,37514,24922
33025,32434,33145,32626,35044,37436,35396,30848,32050,36416,37514,24922
32967,32075,33105,32743,35044,37436,35396,30848,32050,36416,37514,24922
33001,31396,32999,32825,35044,37436,35396,30848,32050,36416,37514,24922
32973,32543,32811,32999,35044,37436,35396,30848,32050,36416,37514,24922
32843,32263,32820,32947,35044,37436,35396,30848,32050,36416,37514,24922
32754,33000,32823,32903,35044,37436,35396,30848,32050,36416,37514,24922
32749,33820,32757,32668,35044,37436,35396,30848,32050,36416,37514,24922
32697,33371,32683,32573,34823,37872,36224,30605,31827,36114,38216,24516
32648,32853,32830,32704,34823,37872,36224,30605,31827,36114,38216,24516
32570,30887,33059,32745,34823,37872,36224,30605,31827,36114,38216,24516
32454,30494,33041,32989,34823,37872,36224,30605,31827,36114,38216,24516
32530,29159,33104,33199,34823,37872,36224,30605,31827,36114,38216,24516
32478,29093,32927,33149,34823,37872,36224,30605,31827,36114,38216,24516
32400,31885,33003,33007,34823,37872,36224,30605,31827,36114,38216,24516
32366,33224,32991,32770,34823,37872,36224,30605,31827,36114,38216,24516
32341,35463,32935,32566,34823,37872,36224,30605,31827,36114,38216,24516
32376,35614,32947,32375,34823,37872,36224,30605,31827,36114,38216,24516
32300,34775,32886,32355,34501,38344,37080,30324,32110,35924,39464,24280
32272,34331,32710,32391,34501,38344,37080,30324,32110,35924,39464,24280
32300,34404,32391,32562,34501,38344,37080,30324,32110,35924,39464,24280
32322,34341,32489,32711,34501,38344,37080,30324,32110,35924,39464,24280
32284,34102,32176,32811,34501,38344,37080,30324,32110,35924,39464,24280
32258,32366,32605,32801,34501,38344,37080,30324,32110,35924,39464,24280
32356,31412,32583,32705,34501,38344,37080,30324,32110,35924,39464,24280
32392,31809,32163,32790,34501,38344,37080,30324,32110,35924,39464,24280
32404,32318,32623,33001,34501,38344,37080,30324,32110,35924,39464,24280
32526,31707,32694,32950,34501,38344,37080,30324,32110,35924,39464,24280
32676,30659,32790,32881,34416,38556,37504,29992,32730,35686,40916,23968
32828,30212,32930,32883,34416,38556,37504,29992,32730,35686,40916,23968
32782,29812,32628,32851,34416,38556,37504,29992,32730,35686,40916,23968
32752,30175,33327,32723,34416,38556,37504,29992,32730,35686,40916,23968
32733,32839,33695,32937,34416,38556,37504,29992,32730,35686,40916,23968
32754,34640,32357,33044,34416,38556,37504,29992,32730,35686,40916,23968
32789,35782,32219,32994,34416,38556,37504,29992,32730,35686,40916,23968
32772,35979,32254,32813,34416,38556,37504,29992,32730,35686,40916,23968
32755,36055,32004,32588,34416,38556,37504,29992,32730,35686,40916,23968
32584,36411,31527,32548,34416,38556,37504,29992,32730,35686,40916,23968
32650,36231,31395,32591,34268,38810,37892,29708,32844,35796,41321,23616
32680,35651,31767,32758,34268,38810,37892,29708,32844,35796,41321,23616
32678,35149,31979,32825,34268,38810,37892,29708,32844,35796,41321,23616
32745,34841,32423,32844,34268,38810,37892,29708,32844,35796,41321,23616
32714,34491,33360,32638,34268,38810,37892,29708,32844,35796,41321,23616
32797,34007,34604,32718,34268,38810,37892,29708,32844,35796,41321,23616
32720,34220,33743,32965,34268,38810,37892,29708,32844,35796,41321,23616
32741,34179,33439,32697,34268,38810,37892,29708,32844,35796,41321,23616
32649,34255,33798,32727,34268,38810,37892,29708,32844,35796,41321,23616
32692,33527,32530,32999,34268,38810,37892,29708,32844,35796,41321,23616
32654,33822,31542,32973,33984,39266,37606,29554,33242,35450,40040,23277
32755,33918,32111,32635,33984,39266,37606,29554,33242,35450,40040,23277
32848,33719,33159,32517,33984,39266,37606,29554,33242,35450,40040,23277
32942,34164,33699,32615,33984,39266,37606,29554,33242,35450,40040,23277
33086,33871,33927,32774,33984,39266,37606,29554,33242,35450,40040,23277
33324,34109,36998,32736,33984,39266,37606,29554,33242,35450,40040,23277
33320,34587,36177,32679,33984,39266,37606,29554,33242,35450,40040,23277
33221,34455,34077,32627,33984,39266,37606,29554,33242,35450,40040,23277
33220,34095,33752,32903,33984,39266,37606,29554,33242,35450,40040,23277
33257,34066,33257,32911,33984,39266,37606,29554,33242,35450,40040,23277
33206,32371,30075,32851,33756,38936,37890,29432,32988,35049,39044,22914
33098,32340,31559,33115,33756,38936,37890,29432,32988,35049,39044,22914
32971,32025,32245,33076,33756,38936,37890,29432,32988,35049,39044,22914
32972,31627,31933,32851,33756,38936,37890,29432,32988,35049,39044,22914
32810,31687,31964,32626,33756,38936,37890,29432,32988,35049,39044,22914
32750,32061,32192,32729,33756,38936,37890,29432,32988,35049,39044,22914
32743,32253,32456,32865,33756,38936,37890,29432,32988,35049,39044,22914
32803,32501,32765,32873,33756,38936,37890,29432,32988,35049,39044,22914
32666,31977,32949,32838,33756,38936,37890,29432,32988,35049,39044,22914
32677,31717,33227,32583,33756,38936,37890,29432,32988,35049,39044,22914
32746,31625,33012,32775,33792,38500,37488,29424,33458,34210,38400,22580
32728,30955,32704,32843,33792,38500,37488,29424,33458,34210,38400,22580
32745,32413,32363,32838,33792,38500,37488,29424,33458,34210,38400,22580
32806,33101,32231,32681,33792,38500,37488,29424,33458,34210,38400,22580
32852,32180,31989,32643,33792,38500,37488,29424,33458,34210,38400,22580
32782,31570,31829,32783,33792,38500,37488,29424,33458,34210,38400,22580
32725,31450,31746,32883,33792,38500,37488,29424,33458,34210,38400,22580
32692,31649,31811,32846,33792,38500,37488,29424,33458,34210,38400,22580
32720,31551,31682,32654,33792,38500,37488,29424,33458,34210,38400,22580
32816,29687,31810,32687,33792,38500,37488,29424,33458,34210,38400,22580
32943,29759,32034,32829,34216,37476,36930,29377,33384,33705,38552,22274
33017,30152,32791,32897,34216,37476,36930,29377,33384,33705,38552,22274
33151,28369,34217,32903,34216,37476,36930,29377,33384,33705,38552,22274
33194,28661,33863,32741,34216,37476,36930,29377,33384,33705,38552,22274
33132,29718,33449,32724,34216,37476,36930,29377,33384,33705,38552,22274
33010,30467,34990,32901,34216,37476,36930,29377,33384,33705,38552,22274
32851,30601,35508,32985,34216,37476,36930,29377,33384,33705,38552,22274
32700,31520,35479,32895,34216,37476,36930,29377,33384,33705,38552,22274
32657,31890,34639,32671,34216,37476,36930,29377,33384,33705,38552,22274
32735,32754,33383,32577,34216,37476,36930,29377,33384,33705,38552,22274
32608,32847,32804,32571,34618,36896,36018,29308,33282,33458,37504,22084
32521,32765,32638,32643,34618,36896,36018,29308,33282,33458,37504,22084
32370,32616,32667,32741,34618,36896,36018,29308,33282,33458,37504,22084
32298,32730,32936,32653,34618,36896,36018,29308,33282,33458,37504,22084
32292,31178,32684,32547,34618,36896,36018,29308,33282,33458,37504,22084
32375,32031,32385,32621,34618,36896,36018,29308,33282,33458,37504,22084
32478,33199,32123,32549,34618,36896,36018,29308,33282,33458,37504,22084
32386,33459,32198,32557,34618,36896,36018,29308,33282,33458,37504,22084
32250,34063,32306,32739,34618,36896,36018,29308,33282,33458,37504,22084
32351,33082,32542,32795,34618,36896,36018,29308,33282,33458,37504,22084
32528,32336,32688,32893,34732,36796,35820,29234,33040,33628,37264,21900
32600,31291,32921,32829,34732,36796,35820,29234,33040,33628,37264,21900
32476,29745,32351,32964,34732,36796,35820,29234,33040,33628,37264,21900
32497,30271,32068,33039,34732,36796,35820,29234,33040,33628,37264,21900
32596,31359,31674,33213,34732,36796,35820,29234,33040,33628,37264,21900
32834,32310,31450,33249,34732,36796,35820,29234,33040,33628,37264,21900
32971,35155,30907,33078,34732,36796,35820,29234,33040,33628,37264,21900
32993,37043,33064,32588,34732,36796,35820,29234,33040,33628,37264,21900
33029,37369,33595,32250,34732,36796,35820,29234,33040,33628,37264,21900
32977,35801,32447,32247,34732,36796,35820,29234,33040,33628,37264,21900
33036,33887,31622,32489,34478,36492,35880,29089,32308,33828,37060,21704
33151,34264,30411,32663,34478,36492,35880,29089,32308,33828,37060,21704
33126,33478,27808,32926,34478,36492,35880,29089,32308,33828,37060,21704
33080,31215,29600,32989,34478,36492,35880,29089,32308,33828,37060,21704
32793,30755,31158,33151,34478,36492,35880,29089,32308,33828,37060,21704
32500,32054,32346,32940,34478,36492,35880,29089,32308,33828,37060,21704
32254,34083,34187,32740,34478,36492,35880,29089,32308,33828,37060,21704
32318,34790,36224,32913,34478,36492,35880,29089,32308,33828,37060,21704
32396,33123,36572,32894,34478,36492,35880,29089,32308,33828,37060,21704
32511,31397,35458,32964,34478,36492,35880,29089,32308,33828,37060,21704
32546,31073,34127,32663,34250,36520,35832,28852,32764,33217,37752,21626
32550,31815,33622,32502,34250,36520,35832,28852,32764,33217,37752,21626
32674,32312,33434,32583,34250,36520,35832,28852,32764,33217,37752,21626
32967,32662,33287,32770,34250,36520,35832,28852,32764,33217,37752,21626
33303,33039,32745,32772,34250,36520,35832,28852,32764,33217,37752,21626
33474,32961,32461,32679,34250,36520,35832,28852,32764,33217,37752,21626
33510,33797,31680,32930,34250,36520,35832,28852,32764,33217,37752,21626
33646,34022,32586,33027,34250,36520,35832,28852,32764,33217,37752,21626
33705,33964,31515,32818,34250,36520,35832,28852,32764,33217,37752,21626
33616,33638,32103,32623,34250,36520,35832,28852,32764,33217,37752,21626
33370,33015,32487,32837,34204,36726,36152,28704,32768,33034,37914,21552
33072,32453,32399,32839,34204,36726,36152,28704,32768,33034,37914,21552
32900,33227,32284,32835,34204,36726,36152,28704,32768,33034,37914,21552
32628,33365,32583,32610,34204,36726,36152,28704,32768,33034,37914,21552
32435,33623,33027,32681,34204,36726,36152,28704,32768,33034,37914,21552
32326,31810,32806,32882,34204,36726,36152,28704,32768,33034,37914,21552
32197,29547,32775,32981,34204,36726,36152,28704,32768,33034,37914,21552
32045,28111,32541,32836,34204,36726,36152,28704,32768,33034,37914,21552
31988,29927,32731,32759,34204,36726,36152,28704,32768,33034,37914,21552
31905,34059,32888,32767,34204,36726,36152,28704,32768,33034,37914,21552
31821,34517,32667,32871,34290,36900,36240,28640,32856,32992,37732,21504
31764,35575,32254,32873,34290,36900,36240,28640,32856,32992,37732,21504
31784,36487,31717,32863,34290,36900,36240,28640,32856,32992,37732,21504
31836,33467,31407,32887,34290,36900,36240,28640,32856,32992,37732,21504
31870,34234,31522,33037,34290,36900,36240,28640,32856,32992,37732,21504
31872,38642,31769,32857,34290,36900,36240,28640,32856,32992,37732,21504
31920,38482,32327,32699,34290,36900,36240,28640,32856,32992,37732,21504
32130,31437,32183,32815,34290,36900,36240,28640,32856,32992,37732,21504
32548,28679,31603,33029,34290,36900,36240,28640,32856,32992,37732,21504
32998,28538,33631,33026,34290,36900,36240,28640,32856,32992,37732,21504
33130,25118,35284,33131,34124,36772,36296,28563,32784,33082,37762,21499
33152,26663,35719,33238,34124,36772,36296,28563,32784,33082,37762,21499
33101,29303,35810,33150,34124,36772,36296,28563,32784,33082,37762,21499
33212,37062,35548,32487,34124,36772,36296,28563,32784,33082,37762,21499
33287,38919,35271,32037,34124,36772,36296,28563,32784,33082,37762,21499
33261,37641,33720,31871,34124,36772,36296,28563,32784,33082,37762,21499
33340,38141,32473,32029,34124,36772,36296,28563,32784,33082,37762,21499
33588,40113,31747,32492,34124,36772,36296,28563,32784,33082,37762,21499
33569,38094,31879,32725,34124,36772,36296,28563,32784,33082,37762,21499
33576,35297,31847,32290,34124,36772,36296,28563,32784,33082,37762,21499
33567,29547,32302,32225,33944,36644,36352,28546,32956,32940,37380,21536
33496,26625,34267,32511,33944,36644,36352,28546,32956,32940,37380,21536
33449,27001,33506,32686,33944,36644,36352,28546,32956,32940,37380,21536
33402,31090,32339,32713,33944,36644,36352,28546,32956,32940,37380,21536
33277,33947,32327,32534,33944,36644,36352,28546,32956,32940,37380,21536
33161,33507,32127,32683,33944,36644,36352,28546,32956,32940,37380,21536
33064,29107,32077,33033,33944,36644,36352,28546,32956,32940,37380,21536
32972,27054,32182,32891,33944,36644,36352,28546,32956,32940,37380,21536
32888,29337,31837,32775,33944,36644,36352,28546,32956,32940,37380,21536
32716,29559,31529,32806,33944,36644,36352,28546,32956,32940,37380,21536
32562,32146,31765,32742,33616,36544,36144,28568,33033,32924,37160,21464
32448,34297,32075,32672,33616,36544,36144,28568,33033,32924,37160,21464
32318,34358,32109,32483,33616,36544,36144,28568,33033,32924,37160,21464
32208,35474,31821,32530,33616,36544,36144,28568,33033,32924,37160,21464
32142,34505,33766,32601,33616,36544,36144,28568,33033,32924,37160,21464
32290,33679,33954,32761,33616,36544,36144,28568,33033,32924,37160,21464
32329,33799,32489,32886,33616,36544,36144,28568,33033,32924,37160,21464
32299,34063,31486,32834,33616,36544,36144,28568,33033,32924,37160,21464
32236,33720,31486,32807,33616,36544,36144,28568,33033,32924,37160,21464
32400,32500,32981,32942,33616,36544,36144,28568,33033,32924,37160,21464
32621,34149,34612,33111,33360,36072,36124,28716,33160,32880,37368,21480
32656,34565,35656,33131,33360,36072,36124,28716,33160,32880,37368,21480
32620,33369,34847,32970,33360,36072,36124,28716,33160,32880,37368,21480
32548,31165,34103,32903,33360,36072,36124,28716,33160,32880,37368,21480
32500,29909,33527,32725,33360,36072,36124,28716,33160,32880,37368,21480
32471,30706,32789,32647,33360,36072,36124,28716,33160,32880,37368,21480
32473,30834,32125,32710,33360,36072,36124,28716,33160,32880,37368,21480
32493,32218,31941,32831,33360,36072,36124,28716,33160,32880,37368,21480
32516,33968,32036,32932,33360,36072,36124,28716,33160,32880,37368,21480
32549,34343,32292,33042,33360,36072,36124,28716,33160,32880,37368,21480
32715,33223,32210,33189,33380,35872,36076,28748,33300,32634,37450,21508
32826,32134,32567,33453,33380,35872,36076,28748,33300,32634,37450,21508
32954,32018,32822,33304,33380,35872,36076,28748,33300,32634,37450,21508
33053,33060,32927,33129,33380,35872,36076,28748,33300,32634,37450,21508
33084,34413,32999,32890,33380,35872,36076,28748,33300,32634,37450,21508
32997,34103,31848,32710,33380,35872,36076,28748,33300,32634,37450,21508
32898,32854,31195,32689,33380,35872,36076,28748,33300,32634,37450,21508
32790,28506,31710,33028,33380,35872,36076,28748,33300,32634,37450,21508
32825,28028,32129,33438,33380,35872,36076,28748,33300,32634,37450,21508
32799,30770,32337,33554,33380,35872,36076,28748,33300,32634,37450,21508
32894,34213,33753,33320,33412,35640,36096,28912,33456,32716,37392,21456
32911,37305,35763,33084,33412,35640,36096,28912,33456,32716,37392,21456
32856,38736,34471,32633,33412,35640,36096,28912,33456,32716,37392,21456
32867,36319,33225,32468,33412,35640,36096,28912,33456,32716,37392,21456
32868,32791,32821,32853,33412,35640,36096,28912,33456,32716,37392,21456
32903,28813,32492,33449,33412,35640,36096,28912,33456,32716,37392,21456
32838,34857,31780,33472,33412,35640,36096,28912,33456,32716,37392,21456
32708,37603,31763,33022,33412,35640,36096,28912,33456,32716,37392,21456
32621,35397,32296,32479,33412,35640,36096,28912,33456,32716,37392,21456
32594,35277,32754,31962,33412,35640,36096,28912,33456,32716,37392,21456
32528,32996,33304,31968,33385,35569,35728,29026,33364,32712,37260,21532
32481,30163,34517,32134,33385,35569,35728,29026,33364,32712,37260,21532
32439,28652,34643,32626,33385,35569,35728,29026,33364,32712,37260,21532
32408,26774,33534,33161,33385,35569,35728,29026,33364,32712,37260,21532
32630,27715,33014,33052,33385,35569,35728,29026,33364,32712,37260,21532
32879,33511,31345,32571,33385,35569,35728,29026,33364,32712,37260,21532
32956,31745,28917,32575,33385,35569,35728,29026,33364,32712,37260,21532
33132,33150,29969,32698,33385,35569,35728,29026,33364,32712,37260,21532
33436,33583,30402,32628,33385,35569,35728,29026,33364,32712,37260,21532
33342,33138,29859,32415,33385,35569,35728,29026,33364,32712,37260,21532
33102,34103,30180,32390,33400,35560,35548,29130,33318,32752,37312,21638
32944,36518,34492,32540,33400,35560,35548,29130,33318,32752,37312,21638
32740,36018,39043,32575,33400,35560,35548,29130,33318,32752,37312,21638
32672,35959,34765,32714,33400,35560,35548,29130,33318,32752,37312,21638
32624,34883,32869,32667,33400,35560,35548,29130,33318,32752,37312,21638
32633,32501,32591,32623,33400,35560,35548,29130,33318,32752,37312,21638
32602,29632,32495,32790,33400,35560,35548,29130,33318,32752,37312,21638
32639,27097,32775,32698,33400,35560,35548,29130,33318,32752,37312,21638
32672,28183,32768,32792,33400,35560,35548,29130,33318,32752,37312,21638
32748,31118,32585,32746,33400,35560,35548,29130,33318,32752,37312,21638
32750,33919,32338,32606,33488,35408,35440,29192,33306,32580,37242,21832
32748,33047,32331,32868,33488,35408,35440,29192,33306,32580,37242,21832
32724,30415,32421,32794,33488,35408,35440,29192,33306,32580,37242,21832
32754,32654,32473,32770,33488,35408,35440,29192,33306,32580,37242,21832
32763,36463,32541,32875,33488,35408,35440,29192,33306,32580,37242,21832
32724,36725,32939,32798,33488,35408,35440,29192,33306,32580,37242,21832
32783,36349,32982,32683,33488,35408,35440,29192,33306,32580,37242,21832
32804,32449,32978,32959,33488,35408,35440,29192,33306,32580,37242,21832
32814,26463,33381,33124,33488,35408,35440,29192,33306,32580,37242,21832
32746,30819,33599,33071,33488,35408,35440,29192,33306,32580,37242,21832
32738,34637,33287,33018,33580,35186,35432,29320,33212,32680,37368,21964
32720,34678,33183,32867,33580,35186,35432,29320,33212,32680,37368,21964
32762,33903,33243,32658,33580,35186,35432,29320,33212,32680,37368,21964
32818,33099,32679,32523,33580,35186,35432,29320,33212,32680,37368,21964
32869,31802,31861,32751,33580,35186,35432,29320,33212,32680,37368,21964
32842,31170,29124,32829,33580,35186,35432,29320,33212,32680,37368,21964
32940,31751,30000,32837,33580,35186,35432,29320,33212,32680,37368,21964
33104,32861,31238,33077,33580,35186,35432,29320,33212,32680,37368,21964
33324,32459,30162,33078,33580,35186,35432,29320,33212,32680,37368,21964
33380,33493,31591,33002,33580,35186,35432,29320,33212,32680,37368,21964
33699,31494,36381,33010,33666,35138,35556,29416,33320,32772,37664,22100
33569,32356,38416,32942,33666,35138,35556,29416,33320,32772,37664,22100
33514,32802,38254,32836,33666,35138,35556,29416,33320,32772,37664,22100
33365,32557,35359,32861,33666,35138,35556,29416,33320,32772,37664,22100
33168,33362,32897,32889,33666,35138,35556,29416,33320,32772,37664,22100
33049,35429,31524,32761,33666,35138,35556,29416,33320,32772,37664,22100
33042,35015,33366,32633,33666,35138,35556,29416,33320,32772,37664,22100
32971,34233,33651,32599,33666,35138,35556,29416,33320,32772,37664,22100
32878,33449,32724,32501,33666,35138,35556,29416,33320,32772,37664,22100
32844,31225,32121,32538,33666,35138,35556,29416,33320,32772,37664,22100
32795,30135,31721,32706,33696,35180,35540,29480,33489,32890,37672,22332
32769,34929,31929,32787,33696,35180,35540,29480,33489,32890,37672,22332
32728,35215,32097,32723,33696,35180,35540,29480,33489,32890,37672,22332
32647,33759,32189,32635,33696,35180,35540,29480,33489,32890,37672,22332
32616,33919,32137,32730,33696,35180,35540,29480,33489,32890,37672,22332
32574,30142,32283,32954,33696,35180,35540,29480,33489,32890,37672,22332
32470,26283,32308,32923,33696,35180,35540,29480,33489,32890,37672,22332
32460,29855,32484,32879,33696,35180,35540,29480,33489,32890,37672,22332
32437,32775,32135,32879,33696,35180,35540,29480,33489,32890,37672,22332
32422,29636,32282,32863,33696,35180,35540,29480,33489,32890,37672,22332
32466,32273,33097,32906,33828,35296,35332,29504,33552,33168,37704,22600
32491,38471,33405,32941,33828,35296,35332,29504,33552,33168,37704,22600
32614,35695,33361,32822,33828,35296,35332,29504,33552,33168,37704,22600
32570,32759,33270,32640,33828,35296,35332,29504,33552,33168,37704,22600
32547,35859,32907,32402,33828,35296,35332,29504,33552,33168,37704,22600
32597,34753,32068,32383,33828,35296,35332,29504,33552,33168,37704,22600
32658,32436,31967,32652,33828,35296,35332,29504,33552,33168,37704,22600
32657,31750,32068,32669,33828,35296,35332,29504,33552,33168,37704,22600
32609,31340,31293,32506,33828,35296,35332,29504,33552,33168,37704,22600
32551,31319,31483,32813,33828,35296,35332,29504,33552,33168,37704,22600
32544,31186,32637,32886,34064,35416,35200,29536,33480,33348,37896,22908
32558,31159,33190,32971,34064,35416,35200,29536,33480,33348,37896,22908
32502,33503,33023,32988,34064,35416,35200,29536,33480,33348,37896,22908
32550,33915,32855,32919,34064,35416,35200,29536,33480,33348,37896,22908
32493,33931,32681,32831,34064,35416,35200,29536,33480,33348,37896,22908
32433,36803,32758,32671,34064,35416,35200,29536,33480,33348,37896,22908
32432,36336,32954,32587,34064,35416,35200,29536,33480,33348,37896,22908
32494,34439,32904,32643,34064,35416,35200,29536,33480,33348,37896,22908
32494,30300,32896,32935,34064,35416,35200,29536,33480,33348,37896,22908
32548,23555,33052,33437,34064,35416,35200,29536,33480,33348,37896,22908
32628,23805,33119,33370,34356,35456,35200,29614,33560,33644,37848,23152
32612,27805,33508,33318,34356,35456,35200,29614,33560,33644,37848,23152
32576,33135,33727,33306,34356,35456,35200,29614,33560,33644,37848,23152
32545,35894,34357,32733,34356,35456,35200,29614,33560,33644,37848,23152
32512,36775,33505,32274,34356,35456,35200,29614,33560,33644,37848,23152
32509,36377,32247,32165,34356,35456,35200,29614,33560,33644,37848,23152
32569,35525,31671,32181,34356,35456,35200,29614,33560,33644,37848,23152
32624,34303,30786,32271,34356,35456,35200,29614,33560,33644,37848,23152
32570,33199,29841,32435,34356,35456,35200,29614,33560,33644,37848,23152
32673,32835,29266,32655,34356,35456,35200,29614,33560,33644,37848,23152
32868,32775,32291,32874,34569,35506,35136,29692,33600,34016,37856,23452
33142,32664,36192,32851,34569,35506,35136,29692,33600,34016,37856,23452
33238,32479,32677,33038,34569,35506,35136,29692,33600,34016,37856,23452
33095,32647,33582,33050,34569,35506,35136,29692,33600,34016,37856,23452
33049,32514,37266,32961,34569,35506,35136,29692,33600,34016,37856,23452
33020,32321,34586,32885,34569,35506,35136,29692,33600,34016,37856,23452
32757,31663,32935,32943,34569,35506,35136,29692,33600,34016,37856,23452
32636,31947,32391,32797,34569,35506,35136,29692,33600,34016,37856,23452
32598,30778,32357,32750,34569,35506,35136,29692,33600,34016,37856,23452
32525,31687,32820,32732,34569,35506,35136,29692,33600,34016,37856,23452
32614,32967,33012,32573,34812,35564,35358,29818,33508,34296,37672,23702
32708,33203,33089,32423,34812,35564,35358,29818,33508,34296,37672,23702
32764,33213,32914,32623,34812,35564,35358,29818,33508,34296,37672,23702
32809,32980,32975,32914,34812,35564,35358,29818,33508,34296,37672,23702
32864,32757,33018,32882,34812,35564,35358,29818,33508,34296,37672,23702
32802,32685,32820,32826,34812,35564,35358,29818,33508,34296,37672,23702
32793,32528,32664,32797,34812,35564,35358,29818,33508,34296,37672,23702
32741,32111,32714,32647,34812,35564,35358,29818,33508,34296,37672,23702
32775,31867,32628,32551,34812,35564,35358,29818,33508,34296,37672,23702
32770,31471,32580,32549,34812,35564,35358,29818,33508,34296,37672,23702
33164,31372,32621,32647,34800,35552,35076,29988,33422,34710,37472,23970
33182,31958,32735,32931,34800,35552,35076,29988,33422,34710,37472,23970
32923,32541,32655,33140,34800,35552,35076,29988,33422,34710,37472,23970
32605,35485,32500,33031,34800,35552,35076,29988,33422,34710,37472,23970
32497,37403,32333,32799,34800,35552,35076,29988,33422,34710,37472,23970
32486,35882,32331,32541,34800,35552,35076,29988,33422,34710,37472,23970
32349,36071,32178,32573,34800,35552,35076,29988,33422,34710,37472,23970
32454,34052,32161,32952,34800,35552,35076,29988,33422,34710,37472,23970
32455,30352,32193,33055,34800,35552,35076,29988,33422,34710,37472,23970
32612,31209,32445,32959,34800,35552,35076,29988,33422,34710,37472,23970
32691,32982,32673,32713,34800,35954,34962,30218,33288,35168,37316,24280
32840,34183,32843,32627,34800,35954,34962,30218,33288,35168,37316,24280
32945,32439,32759,32504,34800,35954,34962,30218,33288,35168,37316,24280
33008,30884,33017,32477,34800,35954,34962,30218,33288,35168,37316,24280
33756,31939,33383,32495,34800,35954,34962,30218,33288,35168,37316,24280
33655,33139,33433,32773,34800,35954,34962,30218,33288,35168,37316,24280
32991,33758,33527,32767,34800,35954,34962,30218,33288,35168,37316,24280
32568,32871,33381,32679,34800,35954,34962,30218,33288,35168,37316,24280
32327,32057,33637,32615,34800,35954,34962,30218,33288,35168,37316,24280
32279,31693,33735,32645,34800,35954,34962,30218,33288,35168,37316,24280
32353,31625,33861,32905,34768,36244,34654,30408,32900,35440,37296,24596
32944,32263,33542,33027,34768,36244,34654,30408,32900,35440,37296,24596
33335,32879,33787,32937,34768,36244,34654,30408,32900,35440,37296,24596
33304,32861,33561,33027,34768,36244,34654,30408,32900,35440,37296,24596
33047,33363,32487,33044,34768,36244,34654,30408,32900,35440,37296,24596
32846,32815,32228,32965,34768,36244,34654,30408,32900,35440,37296,24596
32647,32158,32572,33003,34768,36244,34654,30408,32900,35440,37296,24596
32488,31991,32441,32987,34768,36244,34654,30408,32900,35440,37296,24596
32438,32421,32558,32861,34768,36244,34654,30408,32900,35440,37296,24596
32354,32615,32535,32766,34768,36244,34654,30408,32900,35440,37296,24596
32294,33506,32429,32655,34688,36539,34380,30624,32704,35668,36996,24826
32333,34865,32683,32656,34688,36539,34380,30624,32704,35668,36996,24826
32214,34103,32698,32540,34688,36539,34380,30624,32704,35668,36996,24826
32163,31723,32483,32543,34688,36539,34380,30624,32704,35668,36996,24826
32196,29699,32603,32857,34688,36539,34380,30624,32704,35668,36996,24826
32202,27165,32413,33083,34688,36539,34380,30624,32704,35668,36996,24826
32400,25141,32178,33245,34688,36539,34380,30624,32704,35668,36996,24826
32610,28204,32151,33198,34688,36539,34380,30624,32704,35668,36996,24826
32824,33591,32072,32747,34688,36539,34380,30624,32704,35668,36996,24826
32864,40146,32263,32601,34688,36539,34380,30624,32704,35668,36996,24826
32946,39309,32365,32515,34644,36964,33892,30777,32680,36074,36822,25057
33012,37526,32424,32685,34644,36964,33892,30777,32680,36074,36822,25057
33391,34322,32638,32878,34644,36964,33892,30777,32680,36074,36822,25057
33490,31644,32647,32901,34644,36964,33892,30777,32680,36074,36822,25057
33337,31218,32871,32703,34644,36964,33892,30777,32680,36074,36822,25057
33189,32863,32468,32549,34644,36964,33892,30777,32680,36074,36822,25057
32988,35228,32319,32589,34644,36964,33892,30777,32680,36074,36822,25057
32673,34981,33210,32541,34644,36964,33892,30777,32680,36074,36822,25057
32450,33829,33182,32699,34644,36964,33892,30777,32680,36074,36822,25057
32496,32307,33054,32755,34644,36964,33892,30777,32680,36074,36822,25057
32551,31562,33061,32871,34676,36994,33808,31016,32672,36056,36624,25320
32728,31360,33446,32911,34676,36994,33808,31016,32672,36056,36624,25320
32775,31465,33519,32909,34676,36994,33808,31016,32672,36056,36624,25320
32780,31626,33353,32949,34676,36994,33808,31016,32672,36056,36624,25320
32676,31693,33593,32951,34676,36994,33808,31016,32672,36056,36624,25320
32548,31345,33457,32939,34676,36994,33808,31016,32672,36056,36624,25320
32579,30573,32943,32703,34676,36994,33808,31016,32672,36056,36624,25320
32506,32236,32826,32573,34676,36994,33808,31016,32672,36056,36624,25320
32485,33930,32605,32481,34676,36994,33808,31016,32672,36056,36624,25320
32654,34443,32306,32505,34676,36994,33808,31016,32672,36056,36624,25320
33036,33183,32078,32938,34799,36850,33517,31224,32861,36362,36136,25634
33266,29141,32252,33253,34799,36850,33517,31224,32861,36362,36136,25634
33334,29153,32341,33469,34799,36850,33517,31224,32861,36362,36136,25634
33299,32918,32487,33287,34799,36850,33517,31224,32861,36362,36136,25634
33061,32785,32495,32806,34799,36850,33517,31224,32861,36362,36136,25634
32642,29727,32790,32414,34799,36850,33517,31224,32861,36362,36136,25634
32498,32174,32674,32377,34799,36850,33517,31224,32861,36362,36136,25634
32450,34459,32564,32527,34799,36850,33517,31224,32861,36362,36136,25634
32426,34311,32455,32674,34799,36850,33517,31224,32861,36362,36136,25634
32485,33501,32656,32865,34799,36850,33517,31224,32861,36362,36136,25634
32578,32720,32759,32897,34884,36808,33372,31336,33104,36370,36148,25880
32151,32535,32666,32835,34884,36808,33372,31336,33104,36370,36148,25880
32104,33341,32547,32747,34884,36808,33372,31336,33104,36370,36148,25880
32250,34407,32554,32670,34884,36808,33372,31336,33104,36370,36148,25880
32445,35277,32545,32942,34884,36808,33372,31336,33104,36370,36148,25880
32788,35471,32678,32943,34884,36808,33372,31336,33104,36370,36148,25880
33047,35443,32694,32847,34884,36808,33372,31336,33104,36370,36148,25880
32864,35190,32979,32757,34884,36808,33372,31336,33104,36370,36148,25880
32438,35003,32911,32755,34884,36808,33372,31336,33104,36370,36148,25880
31983,34899,32878,32774,34884,36808,33372,31336,33104,36370,36148,25880
32358,34977,32935,32675,35050,36604,33508,31436,33312,36544,36152,26280
32889,35108,33167,32605,35050,36604,33508,31436,33312,36544,36152,26280
33531,34839,33107,32682,35050,36604,33508,31436,33312,36544,36152,26280
34504,34167,32959,32775,35050,36604,33508,31436,33312,36544,36152,26280
34937,33502,32711,32787,35050,36604,33508,31436,33312,36544,36152,26280
34428,32976,32759,32921,35050,36604,33508,31436,33312,36544,36152,26280
33546,32511,32854,32793,35050,36604,33508,31436,33312,36544,36152,26280
32820,32183,32967,32647,35050,36604,33508,31436,33312,36544,36152,26280
32242,31954,32973,32677,35050,36604,33508,31436,33312,36544,36152,26280
31898,31771,32830,32735,35050,36604,33508,31436,33312,36544,36152,26280
31784,31419,33211,32799,35298,36496,33344,31728,33638,36912,36152,26586
32050,31239,33255,32849,35298,36496,33344,31728,33638,36912,36152,26586
32420,31404,32789,32775,35298,36496,33344,31728,33638,36912,36152,26586
33007,31702,32367,32743,35298,36496,33344,31728,33638,36912,36152,26586
33473,31841,32159,32865,35298,36496,33344,31728,33638,36912,36152,26586
33180,31559,32175,32848,35298,36496,33344,31728,33638,36912,36152,26586
32548,31304,32542,32835,35298,36496,33344,31728,33638,36912,36152,26586
32389,31318,32319,32964,35298,36496,33344,31728,33638,36912,36152,26586
32212,31697,32089,33012,35298,36496,33344,31728,33638,36912,36152,26586
32765,32029,33647,32742,35298,36496,33344,31728,33638,36912,36152,26586
32994,32175,34020,32609,35600,36388,33074,31852,34354,37010,36786,26794
32971,32240,33120,32667,35600,36388,33074,31852,34354,37010,36786,26794
32878,32203,33203,32847,35600,36388,33074,31852,34354,37010,36786,26794
32780,32495,33153,32947,35600,36388,33074,31852,34354,37010,36786,26794
32952,32695,32975,32857,35600,36388,33074,31852,34354,37010,36786,26794
33353,32991,32807,32747,35600,36388,33074,31852,34354,37010,36786,26794
33722,33375,32087,32631,35600,36388,33074,31852,34354,37010,36786,26794
33774,33579,32042,32602,35600,36388,33074,31852,34354,37010,36786,26794
33829,33890,32039,32639,35600,36388,33074,31852,34354,37010,36786,26794
33706,33888,32761,32645,35600,36388,33074,31852,34354,37010,36786,26794
33668,34043,32953,32685,35936,35960,33524,31812,34666,37020,35605,27088
33609,33954,33119,32719,35936,35960,33524,31812,34666,37020,35605,27088
33765,33707,33038,32711,35936,35960,33524,31812,34666,37020,35605,27088
33509,33605,32975,32571,35936,35960,33524,31812,34666,37020,35605,27088
33275,33345,32837,32643,35936,35960,33524,31812,34666,37020,35605,27088
33169,33172,32722,32799,35936,35960,33524,31812,34666,37020,35605,27088
33556,33081,32929,32899,35936,35960,33524,31812,34666,37020,35605,27088
33414,32845,32740,32787,35936,35960,33524,31812,34666,37020,35605,27088
32878,32662,32327,32743,35936,35960,33524,31812,34666,37020,35605,27088
32457,32530,32430,32646,35936,35960,33524,31812,34666,37020,35605,27088
32288,32602,32707,32663,36234,35892,33537,31962,33824,37384,35032,27405
32438,32623,32652,32615,36234,35892,33537,31962,33824,37384,35032,27405
32754,32486,32427,32697,36234,35892,33537,31962,33824,37384,35032,27405
32406,32599,32677,32911,36234,35892,33537,31962,33824,37384,35032,27405
32498,32474,32600,33031,36234,35892,33537,31962,33824,37384,35032,27405
32316,32391,32598,32830,36234,35892,33537,31962,33824,37384,35032,27405
31688,32511,32548,32706,36234,35892,33537,31962,33824,37384,35032,27405
31581,32493,32707,32457,36234,35892,33537,31962,33824,37384,35032,27405
31927,32647,32663,32418,36234,35892,33537,31962,33824,37384,35032,27405
32549,32675,32685,32819,36234,35892,33537,31962,33824,37384,35032,27405
32866,32551,32857,32865,36344,36208,33634,31952,33072,37260,34901,27686
32447,32664,32837,33117,36344,36208,33634,31952,33072,37260,34901,27686
32362,32684,32742,33269,36344,36208,33634,31952,33072,37260,34901,27686
31906,32834,32933,33231,36344,36208,33634,31952,33072,37260,34901,27686
31621,32873,32817,32756,36344,36208,33634,31952,33072,37260,34901,27686
31756,33023,32727,32367,36344,36208,33634,31952,33072,37260,34901,27686
31796,33205,32884,32053,36344,36208,33634,31952,33072,37260,34901,27686
31986,33409,32813,31769,36344,36208,33634,31952,33072,37260,34901,27686
32212,32897,32691,32329,36344,36208,33634,31952,33072,37260,34901,27686
32340,31713,32771,33228,36344,36208,33634,31952,33072,37260,34901,27686
32332,30829,32771,33391,36256,37112,32594,32056,32281,38746,32300,27968
32536,30467,32805,32793,36256,37112,32594,32056,32281,38746,32300,27968
32481,30599,32931,32011,36256,37112,32594,32056,32281,38746,32300,27968
32677,30855,32753,32116,36256,37112,32594,32056,32281,38746,32300,27968
32484,30948,32997,32839,36256,37112,32594,32056,32281,38746,32300,27968
32167,31239,33007,33699,36256,37112,32594,32056,32281,38746,32300,27968
31824,31684,32725,33651,36256,37112,32594,32056,32281,38746,32300,27968
31602,32220,32732,33340,36256,37112,32594,32056,32281,38746,32300,27968
31410,32674,32935,33210,36256,37112,32594,32056,32281,38746,32300,27968
31668,32735,32833,33151,36256,37112,32594,32056,32281,38746,32300,27968
31877,32681,32826,33074,36274,41528,29568,32375,29752,40440,31858,28144
32044,32535,32992,33104,36274,41528,29568,32375,29752,40440,31858,28144
32406,32549,32815,32859,36274,41528,29568,32375,29752,40440,31858,28144
32594,32814,32719,32674,36274,41528,29568,32375,29752,40440,31858,28144
32681,33211,32731,32615,36274,41528,29568,32375,29752,40440,31858,28144
33114,33483,32868,32453,36274,41528,29568,32375,29752,40440,31858,28144
32932,33683,32839,32231,36274,41528,29568,32375,29752,40440,31858,28144
32445,33504,32552,32019,36274,41528,29568,32375,29752,40440,31858,28144
32377,33223,32623,32157,36274,41528,29568,32375,29752,40440,31858,28144
32635,33037,32773,32487,36274,41528,29568,32375,29752,40440,31858,28144
32661,32923,32702,32899,34861,46672,28037,32389,27172,42446,34088,28112
32563,32869,32515,33191,34861,46672,28037,32389,27172,42446,34088,28112
32461,32676,32639,33159,34861,46672,28037,32389,27172,42446,34088,28112
32461,32399,32708,33171,34861,46672,28037,32389,27172,42446,34088,28112
32696,32263,32742,32962,34861,46672,28037,32389,27172,42446,34088,28112
32932,32101,32688,32635,34861,46672,28037,32389,27172,42446,34088,28112
33298,31831,32797,32549,34861,46672,28037,32389,27172,42446,34088,28112
33528,31652,32908,32787,34861,46672,28037,32389,27172,42446,34088,28112
33790,31607,33008,32943,34861,46672,28037,32389,27172,42446,34088,28112
34207,31962,32919,33037,34861,46672,28037,32389,27172,42446,34088,28112
34434,33344,32922,32711,32854,44618,32630,32696,31003,39048,34300,28044
34343,33326,33111,32465,32854,44618,32630,32696,31003,39048,34300,28044
34138,33009,32911,32631,32854,44618,32630,32696,31003,39048,34300,28044
34025,32775,32816,32790,32854,44618,32630,32696,31003,39048,34300,28044
33530,32543,32865,32788,32854,44618,32630,32696,31003,39048,34300,28044
33664,32467,33163,32943,32854,44618,32630,32696,31003,39048,34300,28044
33268,32300,33027,32953,32854,44618,32630,32696,31003,39048,34300,28044
33837,32205,32961,32634,32854,44618,32630,32696,31003,39048,34300,28044
34560,31919,32903,32641,32854,44618,32630,32696,31003,39048,34300,28044
34184,31268,32947,32725,32854,44618,32630,32696,31003,39048,34300,28044
33626,30147,32857,32787,33021,37584,35600,32925,34648,39722,34077,28036
33138,28994,32699,32797,33021,37584,35600,32925,34648,39722,34077,28036
33011,26884,32775,32514,33021,37584,35600,32925,34648,39722,34077,28036
32888,26712,32864,32534,33021,37584,35600,32925,34648,39722,34077,28036
33161,30948,32775,32601,33021,37584,35600,32925,34648,39722,34077,28036
33324,33646,32797,32789,33021,37584,35600,32925,34648,39722,34077,28036
33017,35547,32797,32847,33021,37584,35600,32925,34648,39722,34077,28036
32783,36529,32780,32929,33021,37584,35600,32925,34648,39722,34077,28036
32406,36950,32922,32716,33021,37584,35600,32925,34648,39722,34077,28036
32292,37319,32926,32690,33021,37584,35600,32925,34648,39722,34077,28036
32435,37477,32741,32679,35368,34696,35040,32894,34836,38100,33728,28168
32564,37356,32677,32900,35368,34696,35040,32894,34836,38100,33728,28168
32651,37273,32647,32846,35368,34696,35040,32894,34836,38100,33728,28168
32670,36754,32338,32916,35368,34696,35040,32894,34836,38100,33728,28168
32775,36354,31978,32983,35368,34696,35040,32894,34836,38100,33728,28168
32524,35576,31960,32824,35368,34696,35040,32894,34836,38100,33728,28168
32489,34919,32049,32660,35368,34696,35040,32894,34836,38100,33728,28168
32588,34294,32203,32659,35368,34696,35040,32894,34836,38100,33728,28168
32718,33507,32179,32882,35368,34696,35040,32894,34836,38100,33728,28168
32677,32294,32223,32899,35368,34696,35040,32894,34836,38100,33728,28168
32717,31845,32317,32972,35856,35006,33268,33040,34872,35964,33458,28404
32771,31893,32530,32917,35856,35006,33268,33040,34872,35964,33458,28404
32711,31995,32566,32999,35856,35006,33268,33040,34872,35964,33458,28404
33154,32062,32463,32775,35856,35006,33268,33040,34872,35964,33458,28404
33218,32273,32719,32620,35856,35006,33268,33040,34872,35964,33458,28404
33245,32772,32748,32543,35856,35006,33268,33040,34872,35964,33458,28404
32869,33909,32612,32462,35856,35006,33268,33040,34872,35964,33458,28404
32409,35058,32673,32566,35856,35006,33268,33040,34872,35964,33458,28404
32198,35471,32447,32711,35856,35006,33268,33040,34872,35964,33458,28404
32086,34862,32362,32926,35856,35006,33268,33040,34872,35964,33458,28404
31965,33999,32471,32896,35619,34616,33164,33004,35032,35020,34708,28496
32096,32708,32423,32726,35619,34616,33164,33004,35032,35020,34708,28496
32237,31375,32603,32616,35619,34616,33164,33004,35032,35020,34708,28496
32087,30027,32585,32753,35619,34616,33164,33004,35032,35020,34708,28496
32124,28927,32708,32876,35619,34616,33164,33004,35032,35020,34708,28496
32208,28166,32785,32950,35619,34616,33164,33004,35032,35020,34708,28496
32356,27407,32984,32890,35619,34616,33164,33004,35032,35020,34708,28496
32275,26421,33204,32763,35619,34616,33164,33004,35032,35020,34708,28496
32185,26471,33306,32819,35619,34616,33164,33004,35032,35020,34708,28496
32096,31160,33260,32845,35619,34616,33164,33004,35032,35020,34708,28496
32373,34357,33299,32864,35696,35394,34504,33074,34344,36293,34506,28565
32652,36119,33190,32539,35696,35394,34504,33074,34344,36293,34506,28565
32658,36893,33205,32532,35696,35394,34504,33074,34344,36293,34506,28565
32651,37171,33091,32715,35696,35394,34504,33074,34344,36293,34506,28565
32615,37111,33061,32847,35696,35394,34504,33074,34344,36293,34506,28565
32428,36691,33039,32863,35696,35394,34504,33074,34344,36293,34506,28565
32447,36103,32903,32621,35696,35394,34504,33074,34344,36293,34506,28565
32485,35271,32807,32533,35696,35394,34504,33074,34344,36293,34506,28565
32433,34471,32864,32605,35696,35394,34504,33074,34344,36293,34506,28565
32452,33635,33031,32582,35696,35394,34504,33074,34344,36293,34506,28565
32315,32923,33021,32481,35792,36473,35904,32800,33600,37241,34638,28616
32596,32349,33047,32528,35792,36473,35904,32800,33600,37241,34638,28616
32765,32045,32869,32754,35792,36473,35904,32800,33600,37241,34638,28616
32545,31979,32872,33053,35792,36473,35904,32800,33600,37241,34638,28616
32379,32205,33058,32935,35792,36473,35904,32800,33600,37241,34638,28616
32271,32587,33013,32924,35792,36473,35904,32800,33600,37241,34638,28616
32593,32902,32965,32968,35792,36473,35904,32800,33600,37241,34638,28616
32921,33198,33065,33011,35792,36473,35904,32800,33600,37241,34638,28616
33281,33615,32869,32999,35792,36473,35904,32800,33600,37241,34638,28616
33383,34043,32543,32639,35792,36473,35904,32800,33600,37241,34638,28616
33444,34189,32694,32475,35328,37068,36260,32626,33132,37936,35225,28596
33705,34325,33025,32366,35328,37068,36260,32626,33132,37936,35225,28596
33863,34077,33135,32423,35328,37068,36260,32626,33132,37936,35225,28596
33714,33782,33007,32741,35328,37068,36260,32626,33132,37936,35225,28596
33363,33455,33071,33178,35328,37068,36260,32626,33132,37936,35225,28596
33010,32967,33099,33127,35328,37068,36260,32626,33132,37936,35225,28596
32896,32711,33062,32818,35328,37068,36260,32626,33132,37936,35225,28596
32905,32338,33004,32506,35328,37068,36260,32626,33132,37936,35225,28596
32962,31744,33094,32556,35328,37068,36260,32626,33132,37936,35225,28596
33060,31111,33137,32713,35328,37068,36260,32626,33132,37936,35225,28596
33063,30399,33150,32991,35145,36660,35392,32469,32280,37492,35516,28658
32929,29797,33055,32887,35145,36660,35392,32469,32280,37492,35516,28658
32693,29467,33057,32623,35145,36660,35392,32469,32280,37492,35516,28658
32741,29249,33011,32716,35145,36660,35392,32469,32280,37492,35516,28658
32612,29067,32957,32821,35145,36660,35392,32469,32280,37492,35516,28658
32705,29027,32938,32893,35145,36660,35392,32469,32280,37492,35516,28658
32772,28890,32767,32983,35145,36660,35392,32469,32280,37492,35516,28658
32669,28751,32775,32731,35145,36660,35392,32469,32280,37492,35516,28658
32556,28421,32941,32679,35145,36660,35392,32469,32280,37492,35516,28658
32455,29597,32847,32831,35145,36660,35392,32469,32280,37492,35516,28658
32608,32293,32831,32863,34437,36485,34924,32408,31552,37052,35514,28640
32578,34085,32741,32959,34437,36485,34924,32408,31552,37052,35514,28640
32377,34671,32786,32701,34437,36485,34924,32408,31552,37052,35514,28640
32365,34933,32871,32775,34437,36485,34924,32408,31552,37052,35514,28640
32272,34963,32959,32871,34437,36485,34924,32408,31552,37052,35514,28640
32118,34921,32839,32950,34437,36485,34924,32408,31552,37052,35514,28640
31928,34835,32562,32904,34437,36485,34924,32408,31552,37052,35514,28640
31798,34631,32454,32909,34437,36485,34924,32408,31552,37052,35514,28640
31816,34367,32495,32919,34437,36485,34924,32408,31552,37052,35514,28640
31780,33999,32248,32839,34437,36485,34924,32408,31552,37052,35514,28640
31862,33666,32263,32660,33880,36644,35152,32328,31382,36948,35260,28744
31824,33568,32417,32641,33880,36644,35152,32328,31382,36948,35260,28744
31672,33412,32478,32677,33880,36644,35152,32328,31382,36948,35260,28744
31594,33374,32409,32774,33880,36644,35152,32328,31382,36948,35260,28744
31721,33203,32577,32895,33880,36644,35152,32328,31382,36948,35260,28744
32280,33078,32503,32889,33880,36644,35152,32328,31382,36948,35260,28744
32662,32997,32413,32975,33880,36644,35152,32328,31382,36948,35260,28744
32907,32918,32374,32863,33880,36644,35152,32328,31382,36948,35260,28744
33092,32770,32533,32709,33880,36644,35152,32328,31382,36948,35260,28744
32976,32653,32538,32619,33880,36644,35152,32328,31382,36948,35260,28744
33037,32595,32455,32677,33528,36984,35496,32568,31657,37085,34946,28708
33076,32422,32489,32980,33528,36984,35496,32568,31657,37085,34946,28708
33168,32434,32691,32911,33528,36984,35496,32568,31657,37085,34946,28708
33210,32431,32615,32994,33528,36984,35496,32568,31657,37085,34946,28708
33353,32347,32511,32983,33528,36984,35496,32568,31657,37085,34946,28708
33633,32329,32479,32821,33528,36984,35496,32568,31657,37085,34946,28708
33818,32325,32702,32675,33528,36984,35496,32568,31657,37085,34946,28708
33712,32235,32731,32737,33528,36984,35496,32568,31657,37085,34946,28708
33868,32190,32711,32868,33528,36984,35496,32568,31657,37085,34946,28708
34183,32317,32616,32943,33528,36984,35496,32568,31657,37085,34946,28708
34229,32335,32512,32903,33514,37428,35144,32688,32108,37232,34669,28808
34189,32375,32667,32861,33514,37428,35144,32688,32108,37232,34669,28808
34170,32289,32676,32835,33514,37428,35144,32688,32108,37232,34669,28808
34224,32359,32631,32723,33514,37428,35144,32688,32108,37232,34669,28808
34141,32517,32801,32615,33514,37428,35144,32688,32108,37232,34669,28808
33795,32527,32853,32553,33514,37428,35144,32688,32108,37232,34669,28808
33408,32610,32915,32633,33514,37428,35144,32688,32108,37232,34669,28808
33309,32707,32707,32803,33514,37428,35144,32688,32108,37232,34669,28808
33656,32853,32733,32859,33514,37428,35144,32688,32108,37232,34669,28808
33676,33005,32770,32901,33514,37428,35144,32688,32108,37232,34669,28808
33362,33105,32871,32895,33570,37536,34608,32826,32100,37164,34217,28849
33045,33049,32794,32803,33570,37536,34608,32826,32100,37164,34217,28849
32797,33019,33022,32638,33570,37536,34608,32826,32100,37164,34217,28849
32668,32713,33047,32703,33570,37536,34608,32826,32100,37164,34217,28849
32690,32645,32848,32761,33570,37536,34608,32826,32100,37164,34217,28849
33163,32595,32612,32909,33570,37536,34608,32826,32100,37164,34217,28849
33308,32723,32644,32885,33570,37536,34608,32826,32100,37164,34217,28849
32962,32741,32721,32845,33570,37536,34608,32826,32100,37164,34217,28849
32554,32463,32583,32812,33570,37536,34608,32826,32100,37164,34217,28849
32191,32487,32551,32647,33570,37536,34608,32826,32100,37164,34217,28849
31897,32511,32760,32687,33572,37260,34424,32871,32064,37232,33944,28960
31844,32278,32867,32882,33572,37260,34424,32871,32064,37232,33944,28960
32200,32297,32835,33053,33572,37260,34424,32871,32064,37232,33944,28960
32204,32395,33135,32927,33572,37260,34424,32871,32064,37232,33944,28960
31715,32691,33046,32799,33572,37260,34424,32871,32064,37232,33944,28960
31546,32791,32847,32827,33572,37260,34424,32871,32064,37232,33944,28960
31256,32841,33010,32871,33572,37260,34424,32871,32064,37232,33944,28960
31094,32682,33059,32845,33572,37260,34424,32871,32064,37232,33944,28960
31888,33122,32930,32795,33572,37260,34424,32871,32064,37232,33944,28960
33599,33378,32977,32882,33572,37260,34424,32871,32064,37232,33944,28960
33732,33511,33126,32766,33680,37120,34352,32896,31684,37068,33672,29002
33053,33520,32892,32791,33680,37120,34352,32896,31684,37068,33672,29002
32643,33231,32775,32929,33680,37120,34352,32896,31684,37068,33672,29002
32713,33157,32649,32786,33680,37120,34352,32896,31684,37068,33672,29002
33004,33277,32803,32598,33680,37120,34352,32896,31684,37068,33672,29002
33135,33189,33014,32511,33680,37120,34352,32896,31684,37068,33672,29002
32965,33147,33029,32561,33680,37120,34352,32896,31684,37068,33672,29002
32593,33028,33026,32601,33680,37120,34352,32896,31684,37068,33672,29002
32348,32914,32877,32679,33680,37120,34352,32896,31684,37068,33672,29002
32519,32802,32876,32563,33680,37120,34352,32896,31684,37068,33672,29002
32326,32598,32971,32480,34053,37192,33874,32940,31596,37184,33480,29028
32046,32586,32999,32665,34053,37192,33874,32940,31596,37184,33480,29028
31947,32575,32915,32707,34053,37192,33874,32940,31596,37184,33480,29028
31770,32533,32902,32740,34053,37192,33874,32940,31596,37184,33480,29028
31794,32501,32673,32588,34053,37192,33874,32940,31596,37184,33480,29028
31910,32491,32487,32519,34053,37192,33874,32940,31596,37184,33480,29028
31849,32614,32363,32758,34053,37192,33874,32940,31596,37184,33480,29028
32046,32576,32271,32804,34053,37192,33874,32940,31596,37184,33480,29028
32239,32637,32399,32537,34053,37192,33874,32940,31596,37184,33480,29028
32330,32810,32409,32761,34053,37192,33874,32940,31596,37184,33480,29028
32402,32819,32587,32896,34498,37090,33912,33020,31734,37100,33388,29086
32452,32775,32706,32647,34498,37090,33912,33020,31734,37100,33388,29086
32525,32807,32551,32615,34498,37090,33912,33020,31734,37100,33388,29086
32724,32645,32466,32834,34498,37090,33912,33020,31734,37100,33388,29086
32992,32791,32503,32922,34498,37090,33912,33020,31734,37100,33388,29086
32930,32865,32578,32773,34498,37090,33912,33020,31734,37100,33388,29086
32696,32939,32637,32835,34498,37090,33912,33020,31734,37100,33388,29086
32518,32985,32797,32998,34498,37090,33912,33020,31734,37100,33388,29086
32548,32949,32775,32958,34498,37090,33912,33020,31734,37100,33388,29086
32772,33097,32680,32791,34498,37090,33912,33020,31734,37100,33388,29086
33069,33245,32711,32470,34756,37064,33900,33012,31992,37122,33292,29098
33301,33209,32735,32535,34756,37064,33900,33012,31992,37122,33292,29098
33129,33098,32711,32713,34756,37064,33900,33012,31992,37122,33292,29098
32911,33027,32799,32743,34756,37064,33900,33012,31992,37122,33292,29098
33060,32934,32893,32719,34756,37064,33900,33012,31992,37122,33292,29098
33312,32935,33055,32934,34756,37064,33900,33012,31992,37122,33292,29098
33353,32679,33187,33207,34756,37064,33900,33012,31992,37122,33292,29098
33325,32573,33055,33239,34756,37064,33900,33012,31992,37122,33292,29098
33459,32618,32903,33135,34756,37064,33900,33012,31992,37122,33292,29098
33509,32707,32852,32973,34756,37064,33900,33012,31992,37122,33292,29098
33535,32672,32831,32913,34864,36996,33761,33125,32306,37250,33504,29072
33369,32943,32933,32799,34864,36996,33761,33125,32306,37250,33504,29072
33154,32935,32983,32875,34864,36996,33761,33125,32306,37250,33504,29072
32972,32815,32914,32639,34864,36996,33761,33125,32306,37250,33504,29072
32868,32775,32930,32693,34864,36996,33761,33125,32306,37250,33504,29072
32914,32647,33017,33180,34864,36996,33761,33125,32306,37250,33504,29072
32976,32471,32868,33298,34864,36996,33761,33125,32306,37250,33504,29072
32960,32537,32911,33010,34864,36996,33761,33125,32306,37250,33504,29072
33094,32526,33039,33002,34864,36996,33761,33125,32306,37250,33504,29072
33065,32535,32943,32973,34864,36996,33761,33125,32306,37250,33504,29072
32937,32371,32983,33035,34708,37012,33840,33064,32410,37368,33720,29097
32916,32385,32992,32950,34708,37012,33840,33064,32410,37368,33720,29097
33180,32566,32663,32748,34708,37012,33840,33064,32410,37368,33720,29097
32965,32671,32687,32665,34708,37012,33840,33064,32410,37368,33720,29097
32728,32643,32889,32815,34708,37012,33840,33064,32410,37368,33720,29097
32603,32569,32850,32903,34708,37012,33840,33064,32410,37368,33720,29097
32717,32539,32886,32764,34708,37012,33840,33064,32410,37368,33720,29097
32664,32591,32749,32647,34708,37012,33840,33064,32410,37368,33720,29097
32440,32595,32679,32828,34708,37012,33840,33064,32410,37368,33720,29097
32391,32589,32600,32906,34708,37012,33840,33064,32410,37368,33720,29097
32337,32588,32573,32839,34552,37096,34062,33000,32284,37444,33920,29052
31742,32495,32770,32624,34552,37096,34062,33000,32284,37444,33920,29052
31991,32549,32933,32691,34552,37096,34062,33000,32284,37444,33920,29052
32672,32582,32916,32894,34552,37096,34062,33000,32284,37444,33920,29052
33101,32623,32768,32981,34552,37096,34062,33000,32284,37444,33920,29052
32990,32654,32713,32886,34552,37096,34062,33000,32284,37444,33920,29052
32818,32657,32863,32610,34552,37096,34062,33000,32284,37444,33920,29052
32674,32649,32822,32711,34552,37096,34062,33000,32284,37444,33920,29052
32564,32693,32775,32826,34552,37096,34062,33000,32284,37444,33920,29052
33262,32623,32827,32856,34552,37096,34062,33000,32284,37444,33920,29052
33407,32671,32735,32893,34450,37146,34304,32976,32216,37448,34176,29008
33014,32673,32763,32717,34450,37146,34304,32976,32216,37448,34176,29008
32428,32848,32967,32668,34450,37146,34304,32976,32216,37448,34176,29008
31937,32887,32828,32612,34450,37146,34304,32976,32216,37448,34176,29008
32029,32745,32570,32675,34450,37146,34304,32976,32216,37448,34176,29008
32477,32826,32439,32809,34450,37146,34304,32976,32216,37448,34176,29008
33237,32885,32601,32935,34450,37146,34304,32976,32216,37448,34176,29008
33466,32854,32726,32699,34450,37146,34304,32976,32216,37448,34176,29008
33114,32772,32821,32639,34450,37146,34304,32976,32216,37448,34176,29008
32979,32666,32882,32758,34450,37146,34304,32976,32216,37448,34176,29008
32782,32684,32835,32807,34632,37090,34552,32832,32354,37374,34389,29016
32549,32759,32713,32861,34632,37090,34552,32832,32354,37374,34389,29016
32445,32873,32679,32749,34632,37090,34552,32832,32354,37374,34389,29016
32476,32851,32735,32721,34632,37090,34552,32832,32354,37374,34389,29016
32641,32893,32611,32626,34632,37090,34552,32832,32354,37374,34389,29016
32637,32813,32647,32518,34632,37090,34552,32832,32354,37374,34389,29016
32489,32854,32759,32749,34632,37090,34552,32832,32354,37374,34389,29016
32272,32852,32805,32813,34632,37090,34552,32832,32354,37374,34389,29016
32213,32795,32861,32652,34632,37090,34552,32832,32354,37374,34389,29016
32262,32839,32898,32651,34632,37090,34552,32832,32354,37374,34389,29016
32425,32815,32832,32718,34836,36820,34746,32848,32520,37292,34512,28998
32772,32735,32783,32758,34836,36820,34746,32848,32520,37292,34512,28998
32905,32795,32675,32627,34836,36820,34746,32848,32520,37292,34512,28998
33029,32843,32709,32511,34836,36820,34746,32848,32520,37292,34512,28998
32850,32930,32765,32545,34836,36820,34746,32848,32520,37292,34512,28998
32897,32889,32829,32687,34836,36820,34746,32848,32520,37292,34512,28998
33236,32946,32959,32701,34836,36820,34746,32848,32520,37292,34512,28998
34138,32904,32806,32477,34836,36820,34746,32848,32520,37292,34512,28998
33737,32861,32823,32528,34836,36820,34746,32848,32520,37292,34512,28998
33344,32809,32765,32731,34836,36820,34746,32848,32520,37292,34512,28998
32812,32811,32775,32748,34840,36728,34804,32932,32605,37232,34552,28978
32495,32747,32901,32686,34840,36728,34804,32932,32605,37232,34552,28978
32539,32726,32947,32636,34840,36728,34804,32932,32605,37232,34552,28978
32597,32439,32841,32559,34840,36728,34804,32932,32605,37232,34552,28978
32698,32423,32718,32736,34840,36728,34804,32932,32605,37232,34552,28978
32629,32530,32585,32791,34840,36728,34804,32932,32605,37232,34552,28978
32245,32595,32735,32914,34840,36728,34804,32932,32605,37232,34552,28978
31790,32614,32762,32631,34840,36728,34804,32932,32605,37232,34552,28978
31751,32559,32760,32756,34840,36728,34804,32932,32605,37232,34552,28978
32541,32485,32711,32858,34840,36728,34804,32932,32605,37232,34552,28978
33775,32436,32773,32653,34664,36740,34944,32808,32620,37308,34632,29002
34023,32482,32823,32775,34664,36740,34944,32808,32620,37308,34632,29002
33494,32583,32865,32903,34664,36740,34944,32808,32620,37308,34632,29002
32677,32605,32903,32932,34664,36740,34944,32808,32620,37308,34632,29002
32325,32559,32758,32663,34664,36740,34944,32808,32620,37308,34632,29002
32813,32561,32790,32753,34664,36740,34944,32808,32620,37308,34632,29002
33210,32509,32891,32959,34664,36740,34944,32808,32620,37308,34632,29002
33410,32455,32789,32815,34664,36740,34944,32808,32620,37308,34632,29002
33535,32503,32787,32751,34664,36740,34944,32808,32620,37308,34632,29002
33360,32525,33035,32766,34664,36740,34944,32808,32620,37308,34632,29002
33241,32502,33099,32816,34504,36752,34930,32948,32548,37286,34752,28981
33180,32527,32955,32903,34504,36752,34930,32948,32548,37286,34752,28981
32768,32489,32815,32699,34504,36752,34930,32948,32548,37286,34752,28981
32214,32409,32611,32853,34504,36752,34930,32948,32548,37286,34752,28981
32214,32343,32745,33069,34504,36752,34930,32948,32548,37286,34752,28981
32391,32387,32952,33079,34504,36752,34930,32948,32548,37286,34752,28981
32420,32463,32864,33068,34504,36752,34930,32948,32548,37286,34752,28981
32505,32467,32907,32871,34504,36752,34930,32948,32548,37286,34752,28981
32612,32511,32873,32834,34504,36752,34930,32948,32548,37286,34752,28981
32801,32570,32677,32911,34504,36752,34930,32948,32548,37286,34752,28981
32783,32631,32527,33038,34416,36788,34968,32842,32456,37204,34752,28996
32548,32822,32695,33063,34416,36788,34968,32842,32456,37204,34752,28996
32401,32758,32831,32879,34416,36788,34968,32842,32456,37204,34752,28996
32388,32813,32847,32839,34416,36788,34968,32842,32456,37204,34752,28996
32543,32810,32848,33007,34416,36788,34968,32842,32456,37204,34752,28996
32566,32833,32747,32895,34416,36788,34968,32842,32456,37204,34752,28996
32504,32686,32809,32794,34416,36788,34968,32842,32456,37204,34752,28996
32536,32687,32643,32994,34416,36788,34968,32842,32456,37204,34752,28996
32627,32683,32598,33094,34416,36788,34968,32842,32456,37204,34752,28996
32752,32631,32690,33134,34416,36788,34968,32842,32456,37204,34752,28996
32755,32647,32740,32795,34370,36760,34882,32860,32322,37056,34680,28988
32737,32598,32701,32931,34370,36760,34882,32860,32322,37056,34680,28988
32758,32623,32805,33057,34370,36760,34882,32860,32322,37056,34680,28988
32716,32643,32861,32907,34370,36760,34882,32860,32322,37056,34680,28988
32750,32608,32845,32755,34370,36760,34882,32860,32322,37056,34680,28988
32882,32535,32724,32707,34370,36760,34882,32860,32322,37056,34680,28988
33061,32559,32691,32775,34370,36760,34882,32860,32322,37056,34680,28988
33086,32471,32825,32811,34370,36760,34882,32860,32322,37056,34680,28988
32746,32394,32868,32530,34370,36760,34882,32860,32322,37056,34680,28988
32514,32515,32836,32359,34370,36760,34882,32860,32322,37056,34680,28988
32869,32466,32685,32653,34240,36772,34964,32914,32208,37026,34560,28996
33093,32351,32611,32905,34240,36772,34964,32914,32208,37026,34560,28996
32976,32303,32639,32723,34240,36772,34964,32914,32208,37026,34560,28996
33090,32208,32643,32826,34240,36772,34964,32914,32208,37026,34560,28996
33380,32110,32619,32991,34240,36772,34964,32914,32208,37026,34560,28996
33225,32110,32786,32571,34240,36772,34964,32914,32208,37026,34560,28996
32848,32123,32815,32373,34240,36772,34964,32914,32208,37026,34560,28996
32533,31847,32839,32455,34240,36772,34964,32914,32208,37026,34560,28996
32386,31445,32883,32541,34240,36772,34964,32914,32208,37026,34560,28996
32270,31140,32805,32554,34240,36772,34964,32914,32208,37026,34560,28996
32540,30651,32897,32631,34108,36805,34866,32866,32153,37048,34532,29032
32710,29881,32917,32755,34108,36805,34866,32866,32153,37048,34532,29032
32780,28646,32676,32754,34108,36805,34866,32866,32153,37048,34532,29032
32447,26102,32616,32312,34108,36805,34866,32866,32153,37048,34532,29032
32255,27329,32651,32308,34108,36805,34866,32866,32153,37048,34532,29032
32530,33055,32685,32712,34108,36805,34866,32866,32153,37048,34532,29032
32702,36165,32767,32743,34108,36805,34866,32866,32153,37048,34532,29032
32899,37315,32774,32674,34108,36805,34866,32866,32153,37048,34532,29032
32871,37957,32806,32754,34108,36805,34866,32866,32153,37048,34532,29032
32757,38226,32775,32890,34108,36805,34866,32866,32153,37048,34532,29032
32904,38224,32884,32771,34092,36904,34816,32856,32130,37152,34512,29000
33005,37861,32851,32623,34092,36904,34816,32856,32130,37152,34512,29000
32901,37351,32880,32839,34092,36904,34816,32856,32130,37152,34512,29000
33010,36867,32887,32687,34092,36904,34816,32856,32130,37152,34512,29000
33449,35946,32860,32641,34092,36904,34816,32856,32130,37152,34512,29000
33767,35348,32761,32898,34092,36904,34816,32856,32130,37152,34512,29000
33529,34907,32696,32860,34092,36904,34816,32856,32130,37152,34512,29000
33198,34371,32814,32691,34092,36904,34816,32856,32130,37152,34512,29000
32548,33907,32858,32736,34092,36904,34816,32856,32130,37152,34512,29000
31873,33682,32737,32935,34092,36904,34816,32856,32130,37152,34512,29000
31548,33534,32559,32919,34080,36974,34836,33010,32069,37186,34490,29008
32080,33240,32571,32953,34080,36974,34836,33010,32069,37186,34490,29008
32543,33035,32747,32737,34080,36974,34836,33010,32069,37186,34490,29008
32733,32901,32861,32795,34080,36974,34836,33010,32069,37186,34490,29008
32741,32807,32839,32926,34080,36974,34836,33010,32069,37186,34490,29008
33042,32650,32754,33019,34080,36974,34836,33010,32069,37186,34490,29008
33600,32509,32886,32895,34080,36974,34836,33010,32069,37186,34490,29008
33440,32519,32997,32755,34080,36974,34836,33010,32069,37186,34490,29008
33031,32531,32955,32771,34080,36974,34836,33010,32069,37186,34490,29008
32507,32491,33027,32743,34080,36974,34836,33010,32069,37186,34490,29008
32098,32519,32734,32964,34146,36976,34866,32912,32073,37172,34480,29016
31911,32514,32805,32998,34146,36976,34866,32912,32073,37172,34480,29016
31964,32347,32903,32800,34146,36976,34866,32912,32073,37172,34480,29016
32100,32279,32901,32651,34146,36976,34866,32912,32073,37172,34480,29016
32082,32263,32917,32754,34146,36976,34866,32912,32073,37172,34480,29016
32114,32310,32775,32850,34146,36976,34866,32912,32073,37172,34480,29016
32592,32199,32759,32903,34146,36976,34866,32912,32073,37172,34480,29016
33335,32293,32923,32917,34146,36976,34866,32912,32073,37172,34480,29016
33700,32283,32903,32719,34146,36976,34866,32912,32073,37172,34480,29016
33889,32355,32767,32687,34146,36976,34866,32912,32073,37172,34480,29016
33891,32363,32784,32873,34112,36984,34864,32940,32080,37172,34544,29004
33570,32254,32731,32979,34112,36984,34864,32940,32080,37172,34544,29004
33668,32315,32896,32895,34112,36984,34864,32940,32080,37172,34544,29004
33956,32307,32860,32671,34112,36984,34864,32940,32080,37172,34544,29004
33789,32354,32805,32775,34112,36984,34864,32940,32080,37172,34544,29004
33407,32331,32726,32823,34112,36984,34864,32940,32080,37172,34544,29004
33324,32381,32767,32645,34112,36984,34864,32940,32080,37172,34544,29004
33415,32461,32742,32515,34112,36984,34864,32940,32080,37172,34544,29004
33050,32563,32695,32819,34112,36984,34864,32940,32080,37172,34544,29004
32684,32546,32735,33063,34112,36984,34864,32940,32080,37172,34544,29004
32464,32582,32898,32871,34172,36964,34812,33066,32208,37244,34552,28988
32513,32614,32915,32999,34172,36964,34812,33066,32208,37244,34552,28988
32432,32714,32807,32996,34172,36964,34812,33066,32208,37244,34552,28988
32217,32760,32666,32735,34172,36964,34812,33066,32208,37244,34552,28988
32026,32722,32756,32719,34172,36964,34812,33066,32208,37244,34552,28988
32166,32733,32689,32883,34172,36964,34812,33066,32208,37244,34552,28988
32123,32775,32697,32594,34172,36964,34812,33066,32208,37244,34552,28988
32182,32817,32621,32453,34172,36964,34812,33066,32208,37244,34552,28988
32282,32839,32559,32595,34172,36964,34812,33066,32208,37244,34552,28988
32189,32925,32719,32593,34172,36964,34812,33066,32208,37244,34552,28988
32178,32923,32799,32444,34237,36876,34800,32944,32203,37092,34526,28977
32116,32719,32967,32487,34237,36876,34800,32944,32203,37092,34526,28977
31939,32677,32907,32553,34237,36876,34800,32944,32203,37092,34526,28977
32358,32661,32857,32719,34237,36876,34800,32944,32203,37092,34526,28977
32680,32555,32701,32879,34237,36876,34800,32944,32203,37092,34526,28977
32941,32441,32555,32639,34237,36876,34800,32944,32203,37092,34526,28977
32868,32319,32775,32510,34237,36876,34800,32944,32203,37092,34526,28977
32755,32342,32930,32771,34237,36876,34800,32944,32203,37092,34526,28977
32446,32326,32975,32795,34237,36876,34800,32944,32203,37092,34526,28977
32406,32168,32936,32846,34237,36876,34800,32944,32203,37092,34526,28977
32356,32179,32701,32703,34320,36856,34802,32989,32296,37160,34584,28986
32201,32245,32730,32574,34320,36856,34802,32989,32296,37160,34584,28986
31888,32332,32710,32903,34320,36856,34802,32989,32296,37160,34584,28986
31769,32309,32758,33009,34320,36856,34802,32989,32296,37160,34584,28986
32109,32327,32687,32998,34320,36856,34802,32989,32296,37160,34584,28986
32347,32410,32719,32697,34320,36856,34802,32989,32296,37160,34584,28986
32692,32442,32721,32795,34320,36856,34802,32989,32296,37160,34584,28986
32809,32487,32635,32908,34320,36856,34802,32989,32296,37160,34584,28986
32741,32623,32659,32966,34320,36856,34802,32989,32296,37160,34584,28986
32898,32668,32861,32649,34320,36856,34802,32989,32296,37160,34584,28986
32951,32790,32975,32973,34480,36812,34808,33014,32364,37216,34604,28980
32953,32775,32914,33011,34480,36812,34808,33014,32364,37216,34604,28980
32900,32809,32811,33025,34480,36812,34808,33014,32364,37216,34604,28980
32835,32911,32591,32775,34480,36812,34808,33014,32364,37216,34604,28980
33520,32945,32631,32732,34480,36812,34808,33014,32364,37216,34604,28980
33669,33044,32662,32945,34480,36812,34808,33014,32364,37216,34604,28980
33015,33001,32857,32965,34480,36812,34808,33014,32364,37216,34604,28980
32722,33097,32812,32943,34480,36812,34808,33014,32364,37216,34604,28980
32800,33029,32860,32839,34480,36812,34808,33014,32364,37216,34604,28980
32518,32927,32775,32711,34480,36812,34808,33014,32364,37216,34604,28980
32385,32945,32643,32887,34626,36748,34824,32950,32454,37236,34552,28980
32731,32861,32682,32957,34626,36748,34824,32950,32454,37236,34552,28980
32731,32973,32821,32672,34626,36748,34824,32950,32454,37236,34552,28980
33066,32979,32927,32911,34626,36748,34824,32950,32454,37236,34552,28980
32866,32959,32757,32808,34626,36748,34824,32950,32454,37236,34552,28980
32444,32955,32795,32575,34626,36748,34824,32950,32454,37236,34552,28980
32407,33049,32890,32591,34626,36748,34824,32950,32454,37236,34552,28980
33071,33127,32775,32735,34626,36748,34824,32950,32454,37236,34552,28980
33811,32981,32636,32898,34626,36748,34824,32950,32454,37236,34552,28980
34072,32799,32551,32971,34626,36748,34824,32950,32454,37236,34552,28980
34082,32839,32676,32863,34672,36746,34768,32960,32548,37204,34528,28976
34103,32943,32623,32775,34672,36746,34768,32960,32548,37204,34528,28976
33939,32886,32751,32827,34672,36746,34768,32960,32548,37204,34528,28976
33500,32835,32767,32903,34672,36746,34768,32960,32548,37204,34528,28976
33209,32707,32783,32850,34672,36746,34768,32960,32548,37204,34528,28976
32932,32771,32713,32789,34672,36746,34768,32960,32548,37204,34528,28976
32942,32735,32934,32807,34672,36746,34768,32960,32548,37204,34528,28976
33628,32647,32971,32688,34672,36746,34768,32960,32548,37204,34528,28976
34396,32715,32903,32792,34672,36746,34768,32960,32548,37204,34528,28976
34031,32726,32963,32911,34672,36746,34768,32960,32548,37204,34528,28976
33287,32734,32910,32749,34685,36716,34744,32988,32544,37196,34512,28973
32453,32731,32786,32589,34685,36716,34744,32988,32544,37196,34512,28973
32022,32667,32587,32707,34685,36716,34744,32988,32544,37196,34512,28973
32040,32594,32784,32886,34685,36716,34744,32988,32544,37196,34512,28973
32003,32619,32829,32908,34685,36716,34744,32988,32544,37196,34512,28973
32197,32699,32855,32684,34685,36716,34744,32988,32544,37196,34512,28973
32301,32689,32765,32867,34685,36716,34744,32988,32544,37196,34512,28973
32230,32698,32607,32974,34685,36716,34744,32988,32544,37196,34512,28973
32180,32701,32591,32813,34685,36716,34744,32988,32544,37196,34512,28973
32237,32763,32725,32583,34685,36716,34744,32988,32544,37196,34512,28973
32598,32846,32687,32737,34648,36794,34660,32890,32496,37252,34522,28960
32821,32893,32655,32873,34648,36794,34660,32890,32496,37252,34522,28960
32859,33090,32729,32939,34648,36794,34660,32890,32496,37252,34522,28960
32800,33188,32587,32830,34648,36794,34660,32890,32496,37252,34522,28960
32763,33287,32495,32831,34648,36794,34660,32890,32496,37252,34522,28960
32410,33317,32582,32703,34648,36794,34660,32890,32496,37252,34522,28960
32112,33277,32847,32687,34648,36794,34660,32890,32496,37252,34522,28960
32236,33250,32919,32645,34648,36794,34660,32890,32496,37252,34522,28960
32306,33184,32801,32614,34648,36794,34660,32890,32496,37252,34522,28960
32080,33219,32695,32732,34648,36794,34660,32890,32496,37252,34522,28960
32016,33101,32430,32839,34584,36827,34656,32869,32476,37224,34416,28973
32309,33067,32647,32767,34584,36827,34656,32869,32476,37224,34416,28973
32568,32953,32853,32909,34584,36827,34656,32869,32476,37224,34416,28973
32805,32786,32914,33035,34584,36827,34656,32869,32476,37224,34416,28973
32856,32623,32798,32663,34584,36827,34656,32869,32476,37224,34416,28973
32754,32437,32805,32711,34584,36827,34656,32869,32476,37224,34416,28973
32796,32351,32743,32845,34584,36827,34656,32869,32476,37224,34416,28973
32834,32125,32791,32977,34584,36827,34656,32869,32476,37224,34416,28973
33022,32103,33083,33014,34584,36827,34656,32869,32476,37224,34416,28973
32992,31972,33047,32613,34584,36827,34656,32869,32476,37224,34416,28973
32974,32006,33021,32897,34536,36816,34676,33001,32408,37216,34512,28964
32755,32142,32845,32971,34536,36816,34676,33001,32408,37216,34512,28964
32656,32223,32863,32570,34536,36816,34676,33001,32408,37216,34512,28964
32481,32303,33015,32797,34536,36816,34676,33001,32408,37216,34512,28964
32347,32429,32962,32931,34536,36816,34676,33001,32408,37216,34512,28964
32361,32498,32963,32797,34536,36816,34676,33001,32408,37216,34512,28964
32375,32722,32775,32621,34536,36816,34676,33001,32408,37216,34512,28964
32444,32870,32783,32761,34536,36816,34676,33001,32408,37216,34512,28964
32744,32853,32806,32832,34536,36816,34676,33001,32408,37216,34512,28964
32827,32887,32838,32795,34536,36816,34676,33001,32408,37216,34512,28964
32898,32897,32835,32745,34484,36936,34720,32880,32267,37234,34460,28963
33140,32927,32851,32861,34484,36936,34720,32880,32267,37234,34460,28963
33501,32775,32852,32883,34484,36936,34720,32880,32267,37234,34460,28963
33650,32634,32856,32669,34484,36936,34720,32880,32267,37234,34460,28963
33052,32593,32766,32770,34484,36936,34720,32880,32267,37234,34460,28963
32371,32571,32559,32843,34484,36936,34720,32880,32267,37234,34460,28963
31977,32617,32553,32971,34484,36936,34720,32880,32267,37234,34460,28963
32043,32667,32791,32865,34484,36936,34720,32880,32267,37234,34460,28963
32313,32816,32775,32613,34484,36936,34720,32880,32267,37234,34460,28963
32525,32847,32812,32635,34484,36936,34720,32880,32267,37234,34460,28963
32601,32908,32583,32806,34464,36984,34735,32970,32292,37290,34522,28950
32651,32866,32374,32847,34464,36984,34735,32970,32292,37290,34522,28950
32968,32847,32581,32614,34464,36984,34735,32970,32292,37290,34522,28950
33085,32901,32785,32664,34464,36984,34735,32970,32292,37290,34522,28950
33255,32865,32853,32882,34464,36984,34735,32970,32292,37290,34522,28950
33180,32827,32839,33021,34464,36984,34735,32970,32292,37290,34522,28950
33438,32879,32631,33089,34464,36984,34735,32970,32292,37290,34522,28950
33842,32963,32647,32870,34464,36984,34735,32970,32292,37290,34522,28950
33257,33071,32736,32647,34464,36984,34735,32970,32292,37290,34522,28950
32501,32971,32848,32503,34464,36984,34735,32970,32292,37290,34522,28950
31953,32928,32879,32575,34457,36960,34752,32976,32288,37264,34529,28936
31769,32963,32789,32655,34457,36960,34752,32976,32288,37264,34529,28936
31880,32775,32877,32691,34457,36960,34752,32976,32288,37264,34529,28936
32198,32743,32882,32668,34457,36960,34752,32976,32288,37264,34529,28936
32701,32791,32925,32634,34457,36960,34752,32976,32288,37264,34529,28936
33381,32750,32927,32843,34457,36960,34752,32976,32288,37264,34529,28936
33382,32755,32821,32934,34457,36960,34752,32976,32288,37264,34529,28936
32935,32689,32749,32917,34457,36960,34752,32976,32288,37264,34529,28936
32873,32711,32687,32639,34457,36960,34752,32976,32288,37264,34529,28936
32756,32619,32722,32775,34457,36960,34752,32976,32288,37264,34529,28936
32866,32694,32861,32887,34397,36944,34776,32916,32230,37264,34492,28964
32985,32695,32911,32843,34397,36944,34776,32916,32230,37264,34492,28964
33226,32677,32775,32549,34397,36944,34776,32916,32230,37264,34492,28964
33511,32546,32692,32744,34397,36944,34776,32916,32230,37264,34492,28964
32902,32547,32574,32824,34397,36944,34776,32916,32230,37264,34492,28964
32640,32503,32631,32845,34397,36944,34776,32916,32230,37264,34492,28964
32531,32559,32755,32647,34397,36944,34776,32916,32230,37264,34492,28964
32615,32631,32805,32511,34397,36944,34776,32916,32230,37264,34492,28964
32864,32655,32871,32773,34397,36944,34776,32916,32230,37264,34492,28964
32935,32827,32853,32886,34397,36944,34776,32916,32230,37264,34492,28964
32867,32850,32843,32819,34368,36921,34784,32964,32276,37233,34570,28976
32869,32851,32762,32630,34368,36921,34784,32964,32276,37233,34570,28976
32896,32867,32767,32678,34368,36921,34784,32964,32276,37233,34570,28976
32752,32855,32775,32830,34368,36921,34784,32964,32276,37233,34570,28976
32791,32848,32864,32835,34368,36921,34784,32964,32276,37233,34570,28976
33025,32869,32943,32926,34368,36921,34784,32964,32276,37233,34570,28976
33123,32800,32867,32643,34368,36921,34784,32964,32276,37233,34570,28976
33007,32771,32839,32599,34368,36921,34784,32964,32276,37233,34570,28976
32868,32645,32751,32805,34368,36921,34784,32964,32276,37233,34570,28976
32725,32614,32689,32887,34368,36921,34784,32964,32276,37233,34570,28976
32869,32558,32745,32931,34428,36824,34760,32876,32296,37120,34576,28956
32680,32541,32849,32627,34428,36824,34760,32876,32296,37120,34576,28956
32644,32556,32845,32693,34428,36824,34760,32876,32296,37120,34576,28956
32770,32670,32967,32845,34428,36824,34760,32876,32296,37120,34576,28956
32928,32675,32923,32887,34428,36824,34760,32876,32296,37120,34576,28956
32850,32647,32806,32843,34428,36824,34760,32876,32296,37120,34576,28956
32712,32547,32699,32663,34428,36824,34760,32876,32296,37120,34576,28956
32707,32591,32750,32688,34428,36824,34760,32876,32296,37120,34576,28956
32822,32578,32743,32766,34428,36824,34760,32876,32296,37120,34576,28956
32864,32607,32735,32839,34428,36824,34760,32876,32296,37120,34576,28956
32687,32631,32733,32928,34388,36808,34808,32989,32276,37120,34570,28968
32590,32647,32691,32903,34388,36808,34808,32989,32276,37120,34570,28968
32668,32566,32711,32659,34388,36808,34808,32989,32276,37120,34570,28968
32714,32756,32826,32656,34388,36808,34808,32989,32276,37120,34570,28968
32850,32879,32667,32811,34388,36808,34808,32989,32276,37120,34570,28968
32951,32809,32784,32831,34388,36808,34808,32989,32276,37120,34570,28968
32965,32811,32787,32823,34388,36808,34808,32989,32276,37120,34570,28968
33654,32819,32919,32602,34388,36808,34808,32989,32276,37120,34570,28968
33347,32805,32757,32706,34388,36808,34808,32989,32276,37120,34570,28968
32808,32895,32699,32839,34388,36808,34808,32989,32276,37120,34570,28968
32431,32909,32803,32898,34364,36784,34800,32880,32308,37144,34576,28954
32082,32895,32839,32775,34364,36784,34800,32880,32308,37144,34576,28954
31853,32947,32863,32623,34364,36784,34800,32880,32308,37144,34576,28954
31831,32841,32835,32667,34364,36784,34800,32880,32308,37144,34576,28954
31828,32743,32775,32868,34364,36784,34800,32880,32308,37144,34576,28954
31972,32479,32746,32903,34364,36784,34800,32880,32308,37144,34576,28954
31954,32620,32895,32857,34364,36784,34800,32880,32308,37144,34576,28954
32136,32775,32836,32769,34364,36784,34800,32880,32308,37144,34576,28954
32274,32775,32739,32681,34364,36784,34800,32880,32308,37144,34576,28954
32686,32807,32878,32674,34364,36784,34800,32880,32308,37144,34576,28954
33117,32773,33047,32834,34396,36793,34884,32960,32374,37138,34580,28930
33199,32671,32881,32914,34396,36793,34884,32960,32374,37138,34580,28930
33298,32696,32681,32747,34396,36793,34884,32960,32374,37138,34580,28930
33773,32793,32753,32694,34396,36793,34884,32960,32374,37138,34580,28930
33832,32918,32839,32690,34396,36793,34884,32960,32374,37138,34580,28930
33479,32869,32684,32843,34396,36793,34884,32960,32374,37138,34580,28930
32891,32736,32674,32956,34396,36793,34884,32960,32374,37138,34580,28930
32764,32636,32774,32845,34396,36793,34884,32960,32374,37138,34580,28930
32769,32782,32739,32764,34396,36793,34884,32960,32374,37138,34580,28930
32880,32834,32720,32910,34396,36793,34884,32960,32374,37138,34580,28930
32840,32799,32793,32917,34496,36788,34828,32876,32444,37164,34608,28933
32828,32793,32730,32907,34496,36788,34828,32876,32444,37164,34608,28933
32741,32711,32687,32842,34496,36788,34828,32876,32444,37164,34608,28933
32676,32711,32831,32711,34496,36788,34828,32876,32444,37164,34608,28933
32448,32794,32925,32804,34496,36788,34828,32876,32444,37164,34608,28933
32430,32707,32867,32869,34496,36788,34828,32876,32444,37164,34608,28933
32220,32683,32610,32921,34496,36788,34828,32876,32444,37164,34608,28933
32165,32786,32655,32941,34496,36788,34828,32876,32444,37164,34608,28933
31780,32889,32903,32899,34496,36788,34828,32876,32444,37164,34608,28933
31578,32806,32845,32679,34496,36788,34828,32876,32444,37164,34608,28933
31785,32811,32841,32809,34516,36810,34830,33004,32468,37168,34609,28937
32245,32806,32881,32866,34516,36810,34830,33004,32468,37168,34609,28937
32409,32877,32711,32958,34516,36810,34830,33004,32468,37168,34609,28937
32877,32759,32722,32744,34516,36810,34830,33004,32468,37168,34609,28937
33541,32757,32775,32768,34516,36810,34830,33004,32468,37168,34609,28937
33656,32791,32983,32861,34516,36810,34830,33004,32468,37168,34609,28937
33711,32755,32973,32887,34516,36810,34830,33004,32468,37168,34609,28937
33822,32743,32807,32683,34516,36810,34830,33004,32468,37168,34609,28937
33791,32805,32700,32811,34516,36810,34830,33004,32468,37168,34609,28937
33614,32763,32588,32910,34516,36810,34830,33004,32468,37168,34609,28937
34106,32751,32678,32759,34498,36800,34780,32960,32452,37196,34576,28946
34127,32881,32647,32663,34498,36800,34780,32960,32452,37196,34576,28946
33536,32974,32727,32623,34498,36800,34780,32960,32452,37196,34576,28946
33348,32981,32841,32815,34498,36800,34780,32960,32452,37196,34576,28946
33242,32902,32964,32839,34498,36800,34780,32960,32452,37196,34576,28946
32812,32937,32829,32775,34498,36800,34780,32960,32452,37196,34576,28946
32307,32895,32823,32598,34498,36800,34780,32960,32452,37196,34576,28946
31920,32938,32684,32711,34498,36800,34780,32960,32452,37196,34576,28946
31814,32918,32671,32823,34498,36800,34780,32960,32452,37196,34576,28946
31896,32775,32712,32871,34498,36800,34780,32960,32452,37196,34576,28946
