32771,33007,32704,33011,30456,34692,29361,35764,32362,37184,34444,16486
32762,32591,32711,33166,30456,34692,29361,35764,32362,37184,34444,16486
32733,32731,32684,33199,30456,34692,29361,35764,32362,37184,34444,16486
32713,33039,32756,33206,30456,34692,29361,35764,32362,37184,34444,16486
32585,33239,32755,33053,30456,34692,29361,35764,32362,37184,34444,16486
32536,33057,32847,33063,30456,34692,29361,35764,32362,37184,34444,16486
32514,33333,32833,33187,30456,34692,29361,35764,32362,37184,34444,16486
32606,33010,32775,33185,30456,34692,29361,35764,32362,37184,34444,16486
32654,33007,32612,33202,30456,34692,29361,35764,32362,37184,34444,16486
32635,32667,32593,33175,30456,34692,29361,35764,32362,37184,34444,16486
32739,32807,32629,32957,30458,34664,29356,35744,32345,37194,34408,16501
32761,32943,32641,32913,30458,34664,29356,35744,32345,37194,34408,16501
32767,32733,32705,33114,30458,34664,29356,35744,32345,37194,34408,16501
32775,32931,32737,33171,30458,34664,29356,35744,32345,37194,34408,16501
32760,33335,32703,33287,30458,34664,29356,35744,32345,37194,34408,16501
32773,32898,32819,33297,30458,34664,29356,35744,32345,37194,34408,16501
32801,32439,32877,33203,30458,34664,29356,35744,32345,37194,34408,16501
32843,33153,32911,33207,30458,34664,29356,35744,32345,37194,34408,16501
32873,32506,32898,33167,30458,34664,29356,35744,32345,37194,34408,16501
32870,33103,32798,33153,30458,34664,29356,35744,32345,37194,34408,16501
32884,32583,32850,33205,30445,34650,29352,35730,32356,37186,34424,16472
32906,32469,32821,33161,30445,34650,29352,35730,32356,37186,34424,16472
32892,32423,32845,33247,30445,34650,29352,35730,32356,37186,34424,16472
32774,32914,32881,33255,30445,34650,29352,35730,32356,37186,34424,16472
32835,32793,32799,33229,30445,34650,29352,35730,32356,37186,34424,16472
32791,32852,32775,33303,30445,34650,29352,35730,32356,37186,34424,16472
32823,32921,32823,33303,30445,34650,29352,35730,32356,37186,34424,16472
32750,32973,32863,33126,30445,34650,29352,35730,32356,37186,34424,16472
32718,32891,32898,33154,30445,34650,29352,35730,32356,37186,34424,16472
32712,32807,32839,33189,30445,34650,29352,35730,32356,37186,34424,16472
32736,32775,32797,33067,30420,34657,29356,35992,32364,37182,34405,16414
32828,32717,32768,32995,30420,34657,29356,35992,32364,37182,34405,16414
32770,32441,32837,33114,30420,34657,29356,35992,32364,37182,34405,16414
32748,33010,32774,33197,30420,34657,29356,35992,32364,37182,34405,16414
32705,32761,32722,33212,30420,34657,29356,35992,32364,37182,34405,16414
32680,32743,32850,33190,30420,34657,29356,35992,32364,37182,34405,16414
32643,32513,32815,33120,30420,34657,29356,35992,32364,37182,34405,16414
32690,32615,32826,33075,30420,34657,29356,35992,32364,37182,34405,16414
32677,32395,32763,32959,30420,34657,29356,35992,32364,37182,34405,16414
32658,32732,32839,33049,30420,34657,29356,35992,32364,37182,34405,16414
32754,32997,32869,33055,30394,34680,29344,36016,32330,37232,34448,16540
32845,33145,32923,33011,30394,34680,29344,36016,32330,37232,34448,16540
32838,32775,32883,33060,30394,34680,29344,36016,32330,37232,34448,16540
32885,32917,32849,33164,30394,34680,29344,36016,32330,37232,34448,16540
32981,32668,32811,33175,30394,34680,29344,36016,32330,37232,34448,16540
32930,32423,32871,33387,30394,34680,29344,36016,32330,37232,34448,16540
32907,32901,32930,33391,30394,34680,29344,36016,32330,37232,34448,16540
32933,32921,32847,33329,30394,34680,29344,36016,32330,37232,34448,16540
32898,33213,32749,33394,30394,34680,29344,36016,32330,37232,34448,16540
32822,32895,32677,33166,30394,34680,29344,36016,32330,37232,34448,16540
32793,32681,32674,33183,30384,34696,29376,35968,32292,37272,34420,16536
32794,32935,32616,33015,30384,34696,29376,35968,32292,37272,34420,16536
32751,32891,32630,33039,30384,34696,29376,35968,32292,37272,34420,16536
32687,32950,32647,33132,30384,34696,29376,35968,32292,37272,34420,16536
32679,33081,32623,33309,30384,34696,29376,35968,32292,37272,34420,16536
32636,32743,32631,33333,30384,34696,29376,35968,32292,37272,34420,16536
32613,33029,32615,33167,30384,34696,29376,35968,32292,37272,34420,16536
32656,33423,32658,33111,30384,34696,29376,35968,32292,37272,34420,16536
32627,33254,32626,33110,30384,34696,29376,35968,32292,37272,34420,16536
32652,32810,32747,33222,30384,34696,29376,35968,32292,37272,34420,16536
32580,32876,32775,33159,30376,34740,29380,35954,32290,37299,34432,16472
32599,32430,32763,33189,30376,34740,29380,35954,32290,37299,34432,16472
32669,32743,32802,33247,30376,34740,29380,35954,32290,37299,34432,16472
32702,32631,32887,32985,30376,34740,29380,35954,32290,37299,34432,16472
32691,32689,32883,32903,30376,34740,29380,35954,32290,37299,34432,16472
32726,32563,32885,32962,30376,34740,29380,35954,32290,37299,34432,16472
32685,32555,32877,33031,30376,34740,29380,35954,32290,37299,34432,16472
32621,32423,32798,33111,30376,34740,29380,35954,32290,37299,34432,16472
32661,32547,32775,33139,30376,34740,29380,35954,32290,37299,34432,16472
32719,32863,32813,32991,30376,34740,29380,35954,32290,37299,34432,16472
32736,32647,32749,33043,30366,34749,29384,35976,32272,37280,34392,16412
32770,32547,32715,33221,30366,34749,29384,35976,32272,37280,34392,16412
32790,33276,32758,33241,30366,34749,29384,35976,32272,37280,34392,16412
32871,32809,32747,33287,30366,34749,29384,35976,32272,37280,34392,16412
32936,32719,32754,33399,30366,34749,29384,35976,32272,37280,34392,16412
32921,32606,32755,33123,30366,34749,29384,35976,32272,37280,34392,16412
32859,32181,32783,33211,30366,34749,29384,35976,32272,37280,34392,16412
32840,32632,32836,33242,30366,34749,29384,35976,32272,37280,34392,16412
32889,31901,32851,33308,30366,34749,29384,35976,32272,37280,34392,16412
32863,32855,32942,33287,30366,34749,29384,35976,32272,37280,34392,16412
32937,33095,32939,33267,30400,34728,29366,35962,32284,37268,34394,16568
32856,33378,32846,33142,30400,34728,29366,35962,32284,37268,34394,16568
32956,33543,32905,33207,30400,34728,29366,35962,32284,37268,34394,16568
32869,33303,32853,33063,30400,34728,29366,35962,32284,37268,34394,16568
32811,33351,32847,33031,30400,34728,29366,35962,32284,37268,34394,16568
32911,32917,32911,33006,30400,34728,29366,35962,32284,37268,34394,16568
32892,33126,32935,33100,30400,34728,29366,35962,32284,37268,34394,16568
32778,33063,32845,33287,30400,34728,29366,35962,32284,37268,34394,16568
32768,32737,32839,33319,30400,34728,29366,35962,32284,37268,34394,16568
32735,33702,32917,33232,30400,34728,29366,35962,32284,37268,34394,16568
32662,33159,32828,33119,30396,34718,29352,35770,32264,37260,34364,16384
32786,32406,32783,33055,30396,34718,29352,35770,32264,37260,34364,16384
32720,32629,32737,33076,30396,34718,29352,35770,32264,37260,34364,16384
32734,32055,32655,33167,30396,34718,29352,35770,32264,37260,34364,16384
32784,31967,32691,33168,30396,34718,29352,35770,32264,37260,34364,16384
32784,32669,32616,33279,30396,34718,29352,35770,32264,37260,34364,16384
32762,32775,32635,33131,30396,34718,29352,35770,32264,37260,34364,16384
32761,32592,32647,33071,30396,34718,29352,35770,32264,37260,34364,16384
32744,32683,32681,33055,30396,34718,29352,35770,32264,37260,34364,16384
32775,32875,32693,33173,30396,34718,29352,35770,32264,37260,34364,16384
32740,33145,32679,33277,30394,34690,29338,35972,32287,37236,34416,16408
32720,33159,32767,33350,30394,34690,29338,35972,32287,37236,34416,16408
32654,33454,32790,33357,30394,34690,29338,35972,32287,37236,34416,16408
32673,33319,32770,33237,30394,34690,29338,35972,32287,37236,34416,16408
32718,33316,32767,33086,30394,34690,29338,35972,32287,37236,34416,16408
32786,32895,32802,33033,30394,34690,29338,35972,32287,37236,34416,16408
32788,33105,32807,33098,30394,34690,29338,35972,32287,37236,34416,16408
32800,32511,32903,33139,30394,34690,29338,35972,32287,37236,34416,16408
32720,32627,32897,33164,30394,34690,29338,35972,32287,37236,34416,16408
32738,32971,32989,33223,30394,34690,29338,35972,32287,37236,34416,16408
32732,33151,32859,33266,30424,34676,29336,35768,32296,37232,34412,16456
32750,32839,32867,33121,30424,34676,29336,35768,32296,37232,34412,16456
32771,33172,32775,32935,30424,34676,29336,35768,32296,37232,34412,16456
32734,33191,32762,32986,30424,34676,29336,35768,32296,37232,34412,16456
32774,33239,32741,33108,30424,34676,29336,35768,32296,37232,34412,16456
32692,33653,32759,33193,30424,34676,29336,35768,32296,37232,34412,16456
32718,32853,32719,33218,30424,34676,29336,35768,32296,37232,34412,16456
32670,32693,32841,33151,30424,34676,29336,35768,32296,37232,34412,16456
32718,32435,32803,33039,30424,34676,29336,35768,32296,37232,34412,16456
32680,32895,32789,33007,30424,34676,29336,35768,32296,37232,34412,16456
32647,32659,32751,32898,30408,34650,29346,36016,32292,37248,34428,16380
32644,32614,32717,32959,30408,34650,29346,36016,32292,37248,34428,16380
32677,33005,32690,33103,30408,34650,29346,36016,32292,37248,34428,16380
32690,32799,32698,33174,30408,34650,29346,36016,32292,37248,34428,16380
32675,32971,32749,33139,30408,34650,29346,36016,32292,37248,34428,16380
32708,32375,32713,33186,30408,34650,29346,36016,32292,37248,34428,16380
32649,33023,32703,33175,30408,34650,29346,36016,32292,37248,34428,16380
32704,32583,32742,33251,30408,34650,29346,36016,32292,37248,34428,16380
32696,32367,32789,33285,30408,34650,29346,36016,32292,37248,34428,16380
32708,32458,32789,33163,30408,34650,29346,36016,32292,37248,34428,16380
32840,32647,32727,33079,30404,34656,29321,35760,32336,37224,34410,16466
32830,32727,32639,33063,30404,34656,29321,35760,32336,37224,34410,16466
32826,33049,32679,33062,30404,34656,29321,35760,32336,37224,34410,16466
32840,32790,32723,33061,30404,34656,29321,35760,32336,37224,34410,16466
32872,32519,32754,33091,30404,34656,29321,35760,32336,37224,34410,16466
32885,32243,32783,33309,30404,34656,29321,35760,32336,37224,34410,16466
32850,32862,32851,33351,30404,34656,29321,35760,32336,37224,34410,16466
32881,33327,32887,33415,30404,34656,29321,35760,32336,37224,34410,16466
32916,32639,32903,33303,30404,34656,29321,35760,32336,37224,34410,16466
32897,33414,32917,33199,30404,34656,29321,35760,32336,37224,34410,16466
32930,32783,32835,33231,30412,34653,29388,36046,32336,37228,34418,16452
32895,33028,32835,33371,30412,34653,29388,36046,32336,37228,34418,16452
32875,33411,32873,33367,30412,34653,29388,36046,32336,37228,34418,16452
32812,33121,32866,33354,30412,34653,29388,36046,32336,37228,34418,16452
32821,32806,32918,33153,30412,34653,29388,36046,32336,37228,34418,16452
32840,33025,32879,33096,30412,34653,29388,36046,32336,37228,34418,16452
32750,32507,32914,32994,30412,34653,29388,36046,32336,37228,34418,16452
32766,32447,32937,32981,30412,34653,29388,36046,32336,37228,34418,16452
32743,32479,32846,33031,30412,34653,29388,36046,32336,37228,34418,16452
32787,32329,32770,33136,30412,34653,29388,36046,32336,37228,34418,16452
32800,32419,32765,33234,30392,34680,29376,35902,32344,37240,34444,16378
32807,32553,32703,33275,30392,34680,29376,35902,32344,37240,34444,16378
32789,32445,32711,33063,30392,34680,29376,35902,32344,37240,34444,16378
32796,32611,32745,32959,30392,34680,29376,35902,32344,37240,34444,16378
32724,32944,32706,33135,30392,34680,29376,35902,32344,37240,34444,16378
32721,33359,32767,33342,30392,34680,29376,35902,32344,37240,34444,16378
32723,32759,32751,33368,30392,34680,29376,35902,32344,37240,34444,16378
32797,32253,32809,33343,30392,34680,29376,35902,32344,37240,34444,16378
32880,32515,32895,33243,30392,34680,29376,35902,32344,37240,34444,16378
32854,32935,32891,33091,30392,34680,29376,35902,32344,37240,34444,16378
32790,33167,32887,33257,30392,34680,29368,35768,32368,37230,34400,16510
32802,32932,32922,33309,30392,34680,29368,35768,32368,37230,34400,16510
32835,32709,32859,33339,30392,34680,29368,35768,32368,37230,34400,16510
32831,32935,32891,33363,30392,34680,29368,35768,32368,37230,34400,16510
32733,32409,32939,33208,30392,34680,29368,35768,32368,37230,34400,16510
32707,32641,32772,32965,30392,34680,29368,35768,32368,37230,34400,16510
32731,32623,32713,32947,30392,34680,29368,35768,32368,37230,34400,16510
32673,33003,32711,33079,30392,34680,29368,35768,32368,37230,34400,16510
32671,33076,32823,33195,30392,34680,29368,35768,32368,37230,34400,16510
32658,32701,32719,33183,30392,34680,29368,35768,32368,37230,34400,16510
32652,32802,32741,33111,30420,34645,29380,36026,32360,37208,34394,16564
32660,33099,32727,33091,30420,34645,29380,36026,32360,37208,34394,16564
32736,32519,32789,32967,30420,34645,29380,36026,32360,37208,34394,16564
32688,32655,32751,32856,30420,34645,29380,36026,32360,37208,34394,16564
32663,32569,32732,32850,30420,34645,29380,36026,32360,37208,34394,16564
32662,32427,32693,32914,30420,34645,29380,36026,32360,37208,34394,16564
32700,32330,32713,33104,30420,34645,29380,36026,32360,37208,34394,16564
32714,32182,32773,33207,30420,34645,29380,36026,32360,37208,34394,16564
32845,32647,32753,33231,30420,34645,29380,36026,32360,37208,34394,16564
32905,32719,32743,33307,30420,34645,29380,36026,32360,37208,34394,16564
32880,32829,32715,33211,30408,34664,29389,36012,32344,37200,34382,16472
32896,33451,32802,33186,30408,34664,29389,36012,32344,37200,34382,16472
32871,32946,32767,33097,30408,34664,29389,36012,32344,37200,34382,16472
32831,32845,32689,33211,30408,34664,29389,36012,32344,37200,34382,16472
32845,32734,32730,33250,30408,34664,29389,36012,32344,37200,34382,16472
32837,32331,32683,33295,30408,34664,29389,36012,32344,37200,34382,16472
32824,32884,32597,33299,30408,34664,29389,36012,32344,37200,34382,16472
32678,33127,32585,33146,30408,34664,29389,36012,32344,37200,34382,16472
32647,32671,32645,33197,30408,34664,29389,36012,32344,37200,34382,16472
32713,32607,32733,33159,30408,34664,29389,36012,32344,37200,34382,16472
32695,32797,32795,33117,30418,34652,29409,35964,32320,37166,34402,16584
32692,32909,32836,33147,30418,34652,29409,35964,32320,37166,34402,16584
32722,33255,32871,33159,30418,34652,29409,35964,32320,37166,34402,16584
32658,33147,32873,33209,30418,34652,29409,35964,32320,37166,34402,16584
32711,32467,32886,33257,30418,34652,29409,35964,32320,37166,34402,16584
32615,32559,32999,33312,30418,34652,29409,35964,32320,37166,34402,16584
32663,33351,33111,33323,30418,34652,29409,35964,32320,37166,34402,16584
32705,33223,33041,33149,30418,34652,29409,35964,32320,37166,34402,16584
32611,32634,32935,33091,30418,34652,29409,35964,32320,37166,34402,16584
32597,32542,32892,33084,30418,34652,29409,35964,32320,37166,34402,16584
32636,33031,32806,33139,30434,34632,29444,35979,32307,37176,34380,16564
32662,33053,32795,33255,30434,34632,29444,35979,32307,37176,34380,16564
32636,33182,32850,33299,30434,34632,29444,35979,32307,37176,34380,16564
32672,32919,32767,33240,30434,34632,29444,35979,32307,37176,34380,16564
32685,32985,32762,33285,30434,34632,29444,35979,32307,37176,34380,16564
32679,32833,32735,33078,30434,34632,29444,35979,32307,37176,34380,16564
32617,32766,32662,32972,30434,34632,29444,35979,32307,37176,34380,16564
32647,31940,32615,32992,30434,34632,29444,35979,32307,37176,34380,16564
32588,32247,32610,32916,30434,34632,29444,35979,32307,37176,34380,16564
32638,32813,32557,32997,30434,34632,29444,35979,32307,37176,34380,16564
32755,32519,32643,33029,30430,34624,29418,35769,32288,37129,34368,16491
32962,32634,32768,33131,30430,34624,29418,35769,32288,37129,34368,16491
32938,33007,32873,33207,30430,34624,29418,35769,32288,37129,34368,16491
32936,33099,32917,33247,30430,34624,29418,35769,32288,37129,34368,16491
33014,33129,32982,33239,30430,34624,29418,35769,32288,37129,34368,16491
33044,33903,33050,33219,30430,34624,29418,35769,32288,37129,34368,16491
33088,33645,33150,33175,30430,34624,29418,35769,32288,37129,34368,16491
33014,33895,33091,33083,30430,34624,29418,35769,32288,37129,34368,16491
32944,33887,33055,33076,30430,34624,29418,35769,32288,37129,34368,16491
32840,33281,33002,33195,30430,34624,29418,35769,32288,37129,34368,16491
32834,33427,32943,33247,30414,34628,29410,35792,32297,37149,34376,16579
32770,32550,32925,33223,30414,34628,29410,35792,32297,37149,34376,16579
32746,32867,32815,33141,30414,34628,29410,35792,32297,37149,34376,16579
32729,33233,32803,33039,30414,34628,29410,35792,32297,37149,34376,16579
32800,33479,32699,33053,30414,34628,29410,35792,32297,37149,34376,16579
32752,32973,32679,33241,30414,34628,29410,35792,32297,37149,34376,16579
32722,32489,32685,33319,30414,34628,29410,35792,32297,37149,34376,16579
32770,32519,32635,33350,30414,34628,29410,35792,32297,37149,34376,16579
32804,32762,32581,33053,30414,34628,29410,35792,32297,37149,34376,16579
32811,32103,32585,33109,30414,34628,29410,35792,32297,37149,34376,16579
32838,32439,32593,33318,30410,34640,29432,35884,32288,37164,34373,16498
32905,32199,32555,33385,30410,34640,29432,35884,32288,37164,34373,16498
32801,31901,32693,33311,30410,34640,29432,35884,32288,37164,34373,16498
32805,32007,32653,33083,30410,34640,29432,35884,32288,37164,34373,16498
32788,32021,32739,33155,30410,34640,29432,35884,32288,37164,34373,16498
32809,32197,32747,33191,30410,34640,29432,35884,32288,37164,34373,16498
32822,32261,32741,33269,30410,34640,29432,35884,32288,37164,34373,16498
32863,32123,32751,33311,30410,34640,29432,35884,32288,37164,34373,16498
32805,32125,32762,33101,30410,34640,29432,35884,32288,37164,34373,16498
32787,32763,32816,33055,30410,34640,29432,35884,32288,37164,34373,16498
32724,32595,32827,33098,30384,34656,29432,36004,32288,37176,34382,16509
32826,32775,32847,33151,30384,34656,29432,36004,32288,37176,34382,16509
32804,32605,32815,33202,30384,34656,29432,36004,32288,37176,34382,16509
32692,32726,32771,33146,30384,34656,29432,36004,32288,37176,34382,16509
32738,33007,32767,33060,30384,34656,29432,36004,32288,37176,34382,16509
32747,33247,32795,33027,30384,34656,29432,36004,32288,37176,34382,16509
32742,33359,32706,33014,30384,34656,29432,36004,32288,37176,34382,16509
32693,33699,32723,33095,30384,34656,29432,36004,32288,37176,34382,16509
32696,33679,32735,33213,30384,34656,29432,36004,32288,37176,34382,16509
32677,33315,32743,33356,30384,34656,29432,36004,32288,37176,34382,16509
32641,33031,32767,33131,30368,34642,29418,35904,32284,37176,34392,16480
32716,32823,32853,33082,30368,34642,29418,35904,32284,37176,34392,16480
32717,33507,32801,33227,30368,34642,29418,35904,32284,37176,34392,16480
32711,32852,32919,33271,30368,34642,29418,35904,32284,37176,34392,16480
32760,32498,32885,33319,30368,34642,29418,35904,32284,37176,34392,16480
32697,32815,32854,33215,30368,34642,29418,35904,32284,37176,34392,16480
32647,32387,32877,33107,30368,34642,29418,35904,32284,37176,34392,16480
32645,32385,32815,33117,30368,34642,29418,35904,32284,37176,34392,16480
32709,32495,32742,33206,30368,34642,29418,35904,32284,37176,34392,16480
32747,32199,32714,33181,30368,34642,29418,35904,32284,37176,34392,16480
32694,32862,32735,33199,30384,34640,29422,35856,32284,37176,34384,16513
32751,32347,32857,33273,30384,34640,29422,35856,32284,37176,34384,16513
32812,32966,32871,33305,30384,34640,29422,35856,32284,37176,34384,16513
32820,32135,32890,33229,30384,34640,29422,35856,32284,37176,34384,16513
32853,32307,32914,33069,30384,34640,29422,35856,32284,37176,34384,16513
32932,33127,32804,33031,30384,34640,29422,35856,32284,37176,34384,16513
32969,33127,32741,33031,30384,34640,29422,35856,32284,37176,34384,16513
32980,33343,32799,33137,30384,34640,29422,35856,32284,37176,34384,16513
33073,32915,32835,33127,30384,34640,29422,35856,32284,37176,34384,16513
32930,33025,32870,33121,30384,34640,29422,35856,32284,37176,34384,16513
32894,33127,32855,33091,30388,34640,29438,36024,32284,37176,34400,16554
32848,33048,32863,33061,30388,34640,29438,36024,32284,37176,34400,16554
32765,33070,32859,32931,30388,34640,29438,36024,32284,37176,34400,16554
32652,32995,32871,32895,30388,34640,29438,36024,32284,37176,34400,16554
32708,33129,32879,32901,30388,34640,29438,36024,32284,37176,34400,16554
32674,33029,32863,33063,30388,34640,29438,36024,32284,37176,34400,16554
32723,33031,32794,33159,30388,34640,29438,36024,32284,37176,34400,16554
32669,32977,32759,33252,30388,34640,29438,36024,32284,37176,34400,16554
32612,33245,32773,33002,30388,34640,29438,36024,32284,37176,34400,16554
32613,32861,32739,33031,30388,34640,29438,36024,32284,37176,34400,16554
32595,33108,32775,33075,30412,34656,29372,35780,32264,37186,34392,16496
32603,33013,32840,33257,30412,34656,29372,35780,32264,37186,34392,16496
32588,32802,32825,33275,30412,34656,29372,35780,32264,37186,34392,16496
32590,32479,32818,33303,30412,34656,29372,35780,32264,37186,34392,16496
32572,32935,32851,33343,30412,34656,29372,35780,32264,37186,34392,16496
32603,33154,32831,33330,30412,34656,29372,35780,32264,37186,34392,16496
32660,32903,32851,33400,30412,34656,29372,35780,32264,37186,34392,16496
32699,32701,32919,33382,30412,34656,29372,35780,32264,37186,34392,16496
32794,33060,32902,33175,30412,34656,29372,35780,32264,37186,34392,16496
32740,32759,32831,33190,30412,34656,29372,35780,32264,37186,34392,16496
32733,33386,32679,33204,30416,34636,29361,35800,32270,37222,34354,16530
32811,32585,32733,33159,30416,34636,29361,35800,32270,37222,34354,16530
32744,32855,32835,33134,30416,34636,29361,35800,32270,37222,34354,16530
32822,32573,32791,33141,30416,34636,29361,35800,32270,37222,34354,16530
32760,32183,32763,33093,30416,34636,29361,35800,32270,37222,34354,16530
32850,31871,32699,33068,30416,34636,29361,35800,32270,37222,34354,16530
32817,32831,32703,33135,30416,34636,29361,35800,32270,37222,34354,16530
32841,32673,32699,33249,30416,34636,29361,35800,32270,37222,34354,16530
32847,32710,32695,33281,30416,34636,29361,35800,32270,37222,34354,16530
32897,33639,32645,33271,30416,34636,29361,35800,32270,37222,34354,16530
32846,33499,32546,33303,30412,34612,29344,35788,32328,37193,34328,16440
32746,33082,32613,33211,30412,34612,29344,35788,32328,37193,34328,16440
32819,33227,32684,33302,30412,34612,29344,35788,32328,37193,34328,16440
32752,33052,32725,33031,30412,34612,29344,35788,32328,37193,34328,16440
32678,33129,32731,32995,30412,34612,29344,35788,32328,37193,34328,16440
32734,33260,32813,32973,30412,34612,29344,35788,32328,37193,34328,16440
32854,33654,32749,33003,30412,34612,29344,35788,32328,37193,34328,16440
32835,33363,32816,33059,30412,34612,29344,35788,32328,37193,34328,16440
32810,32583,32922,33187,30412,34612,29344,35788,32328,37193,34328,16440
32810,32515,32868,33217,30412,34612,29344,35788,32328,37193,34328,16440
32801,32583,32759,33247,30408,34613,29376,35806,32340,37192,34336,16581
32706,32658,32771,33223,30408,34613,29376,35806,32340,37192,34336,16581
32702,31997,32795,33159,30408,34613,29376,35806,32340,37192,34336,16581
32735,32007,32847,33133,30408,34613,29376,35806,32340,37192,34336,16581
32660,32551,32877,33079,30408,34613,29376,35806,32340,37192,34336,16581
32667,32647,32830,33057,30408,34613,29376,35806,32340,37192,34336,16581
32729,32406,32829,33127,30408,34613,29376,35806,32340,37192,34336,16581
32770,32486,32767,33150,30408,34613,29376,35806,32340,37192,34336,16581
32767,32315,32786,33174,30408,34613,29376,35806,32340,37192,34336,16581
32823,32524,32841,33197,30408,34613,29376,35806,32340,37192,34336,16581
32822,32357,32755,33003,30398,34626,29354,35786,32396,37172,34304,16548
32775,32807,32694,32974,30398,34626,29354,35786,32396,37172,34304,16548
32773,33581,32749,33107,30398,34626,29354,35786,32396,37172,34304,16548
32774,33469,32787,33188,30398,34626,29354,35786,32396,37172,34304,16548
32732,33525,32775,33247,30398,34626,29354,35786,32396,37172,34304,16548
32755,33139,32839,33287,30398,34626,29354,35786,32396,37172,34304,16548
32719,33493,32879,33309,30398,34626,29354,35786,32396,37172,34304,16548
32676,33158,33015,33215,30398,34626,29354,35786,32396,37172,34304,16548
32740,32238,33012,33349,30398,34626,29354,35786,32396,37172,34304,16548
32834,33098,32903,33203,30398,34626,29354,35786,32396,37172,34304,16548
32770,32963,32851,33170,30450,34578,29377,36032,32381,37192,34340,16572
32775,32971,32772,33102,30450,34578,29377,36032,32381,37192,34340,16572
32788,32869,32796,33141,30450,34578,29377,36032,32381,37192,34340,16572
32786,32651,32889,33129,30450,34578,29377,36032,32381,37192,34340,16572
32664,32959,32773,33047,30450,34578,29377,36032,32381,37192,34340,16572
32636,32527,32773,33069,30450,34578,29377,36032,32381,37192,34340,16572
32740,32787,32742,33159,30450,34578,29377,36032,32381,37192,34340,16572
32705,32842,32775,33199,30450,34578,29377,36032,32381,37192,34340,16572
32873,32931,32815,33345,30450,34578,29377,36032,32381,37192,34340,16572
32792,32575,32773,33135,30450,34578,29377,36032,32381,37192,34340,16572
32735,32959,32707,33204,30456,34596,29368,35816,32368,37216,34312,16657
32675,32791,32665,33178,30456,34596,29368,35816,32368,37216,34312,16657
32669,32832,32659,33111,30456,34596,29368,35816,32368,37216,34312,16657
32867,33111,32725,33028,30456,34596,29368,35816,32368,37216,34312,16657
32826,33229,32809,32865,30456,34596,29368,35816,32368,37216,34312,16657
32845,33053,32767,32773,30456,34596,29368,35816,32368,37216,34312,16657
32816,32623,32715,32871,30456,34596,29368,35816,32368,37216,34312,16657
32714,32889,32751,33091,30456,34596,29368,35816,32368,37216,34312,16657
32762,33050,32838,32957,30456,34596,29368,35816,32368,37216,34312,16657
32770,32722,32775,33172,30456,34596,29368,35816,32368,37216,34312,16657
32699,33016,32775,33109,30492,34584,29363,35808,32385,37186,34289,16616
32771,32661,32754,33107,30492,34584,29363,35808,32385,37186,34289,16616
32799,32623,32708,32947,30492,34584,29363,35808,32385,37186,34289,16616
32899,32786,32747,32841,30492,34584,29363,35808,32385,37186,34289,16616
32917,33051,32728,33031,30492,34584,29363,35808,32385,37186,34289,16616
32857,32879,32775,32987,30492,34584,29363,35808,32385,37186,34289,16616
32826,32759,32869,33151,30492,34584,29363,35808,32385,37186,34289,16616
32819,32775,32866,33155,30492,34584,29363,35808,32385,37186,34289,16616
32856,32184,32855,33190,30492,34584,29363,35808,32385,37186,34289,16616
32784,32647,32771,33255,30492,34584,29363,35808,32385,37186,34289,16616
32757,32641,32800,33319,30452,34620,29336,35812,32364,37180,34372,16637
32701,32164,32858,33362,30452,34620,29336,35812,32364,37180,34372,16637
32731,32505,32862,33396,30452,34620,29336,35812,32364,37180,34372,16637
32727,32093,32791,33222,30452,34620,29336,35812,32364,37180,34372,16637
32728,32239,32805,33099,30452,34620,29336,35812,32364,37180,34372,16637
32693,32227,32774,33059,30452,34620,29336,35812,32364,37180,34372,16637
32770,31682,32769,33157,30452,34620,29336,35812,32364,37180,34372,16637
32704,32023,32795,33195,30452,34620,29336,35812,32364,37180,34372,16637
32664,32947,32847,33279,30452,34620,29336,35812,32364,37180,34372,16637
32655,32647,32867,33244,30452,34620,29336,35812,32364,37180,34372,16637
32634,32387,32955,33210,30462,34554,29380,35786,32320,37248,34378,16588
32654,32691,32951,33251,30462,34554,29380,35786,32320,37248,34378,16588
32594,31997,32931,33287,30462,34554,29380,35786,32320,37248,34378,16588
32572,32299,32873,33390,30462,34554,29380,35786,32320,37248,34378,16588
32607,32471,32863,33385,30462,34554,29380,35786,32320,37248,34378,16588
32662,32574,32831,33403,30462,34554,29380,35786,32320,37248,34378,16588
32717,32703,32935,33211,30462,34554,29380,35786,32320,37248,34378,16588
32771,32495,32855,33146,30462,34554,29380,35786,32320,37248,34378,16588
32752,31934,32791,33039,30462,34554,29380,35786,32320,37248,34378,16588
32859,32527,32795,33167,30462,34554,29380,35786,32320,37248,34378,16588
32845,32980,32839,33199,30438,34660,29308,35928,32264,37288,34344,16525
32813,32644,32830,33239,30438,34660,29308,35928,32264,37288,34344,16525
32745,32347,32891,33143,30438,34660,29308,35928,32264,37288,34344,16525
32806,32317,32822,33098,30438,34660,29308,35928,32264,37288,34344,16525
32876,32736,32827,33239,30438,34660,29308,35928,32264,37288,34344,16525
32907,33286,32812,33319,30438,34660,29308,35928,32264,37288,34344,16525
32927,33235,32879,33255,30438,34660,29308,35928,32264,37288,34344,16525
32833,33089,32824,33210,30438,34660,29308,35928,32264,37288,34344,16525
32795,34167,32714,33053,30438,34660,29308,35928,32264,37288,34344,16525
32722,33711,32638,32927,30438,34660,29308,35928,32264,37288,34344,16525
32799,33220,32647,32969,30456,34626,29292,35944,32280,37300,34265,16537
32740,33679,32634,33081,30456,34626,29292,35944,32280,37300,34265,16537
32711,33413,32722,33191,30456,34626,29292,35944,32280,37300,34265,16537
32669,33237,32705,33271,30456,34626,29292,35944,32280,37300,34265,16537
32601,33287,32743,33317,30456,34626,29292,35944,32280,37300,34265,16537
32497,32999,32655,33399,30456,34626,29292,35944,32280,37300,34265,16537
32534,33122,32610,33171,30456,34626,29292,35944,32280,37300,34265,16537
32580,32807,32607,33125,30456,34626,29292,35944,32280,37300,34265,16537
32610,32818,32549,33095,30456,34626,29292,35944,32280,37300,34265,16537
32643,32543,32509,33146,30456,34626,29292,35944,32280,37300,34265,16537
32809,32620,32565,33287,30457,34672,29248,35776,32328,37258,34312,16596
32845,33233,32598,33317,30457,34672,29248,35776,32328,37258,34312,16596
32903,32415,32630,33319,30457,34672,29248,35776,32328,37258,34312,16596
32943,32027,32679,33223,30457,34672,29248,35776,32328,37258,34312,16596
32998,32599,32697,33055,30457,34672,29248,35776,32328,37258,34312,16596
32999,32459,32755,32959,30457,34672,29248,35776,32328,37258,34312,16596
32976,32943,32861,32997,30457,34672,29248,35776,32328,37258,34312,16596
32992,32967,32879,33057,30457,34672,29248,35776,32328,37258,34312,16596
32923,32823,32854,33055,30457,34672,29248,35776,32328,37258,34312,16596
32860,33005,32885,33139,30457,34672,29248,35776,32328,37258,34312,16596
32843,32673,32951,33210,30452,34620,29292,35992,32353,37270,34261,16635
32782,32956,32943,33202,30452,34620,29292,35992,32353,37270,34261,16635
32856,33255,32927,33154,30452,34620,29292,35992,32353,37270,34261,16635
32788,33142,32927,33105,30452,34620,29292,35992,32353,37270,34261,16635
32718,33087,32829,33001,30452,34620,29292,35992,32353,37270,34261,16635
32725,32743,32859,32949,30452,34620,29292,35992,32353,37270,34261,16635
32728,33675,32855,33112,30452,34620,29292,35992,32353,37270,34261,16635
32698,33267,32918,33196,30452,34620,29292,35992,32353,37270,34261,16635
32775,33271,32911,33319,30452,34620,29292,35992,32353,37270,34261,16635
32704,33356,32891,33159,30452,34620,29292,35992,32353,37270,34261,16635
32731,33283,32893,32975,30472,34644,29272,36042,32428,37212,34289,16480
32741,33483,32737,33052,30472,34644,29272,36042,32428,37212,34289,16480
32628,33679,32695,32995,30472,34644,29272,36042,32428,37212,34289,16480
32602,33139,32587,33229,30472,34644,29272,36042,32428,37212,34289,16480
32600,32855,32611,33251,30472,34644,29272,36042,32428,37212,34289,16480
32581,32618,32676,33127,30472,34644,29272,36042,32428,37212,34289,16480
32611,32194,32653,33036,30472,34644,29272,36042,32428,37212,34289,16480
32552,32675,32704,33038,30472,34644,29272,36042,32428,37212,34289,16480
32660,31683,32822,33245,30472,34644,29272,36042,32428,37212,34289,16480
32743,31930,32839,33318,30472,34644,29272,36042,32428,37212,34289,16480
32829,32503,32845,33419,30516,34584,29284,36020,32444,37224,34316,16628
32894,32103,32854,33495,30516,34584,29284,36020,32444,37224,34316,16628
32999,32610,32832,33327,30516,34584,29284,36020,32444,37224,34316,16628
33086,32370,32903,33211,30516,34584,29284,36020,32444,37224,34316,16628
32992,32549,32842,33295,30516,34584,29284,36020,32444,37224,34316,16628
33033,32673,32933,33413,30516,34584,29284,36020,32444,37224,34316,16628
32979,32815,32903,33339,30516,34584,29284,36020,32444,37224,34316,16628
32964,32783,32873,33374,30516,34584,29284,36020,32444,37224,34316,16628
32877,32827,32863,33163,30516,34584,29284,36020,32444,37224,34316,16628
32797,32767,32774,33007,30516,34584,29284,36020,32444,37224,34316,16628
32774,33058,32699,32963,30540,34640,29256,35792,32498,37178,34252,16644
32752,33095,32751,32907,30540,34640,29256,35792,32498,37178,34252,16644
32674,33811,32731,33035,30540,34640,29256,35792,32498,37178,34252,16644
32623,33351,32707,33125,30540,34640,29256,35792,32498,37178,34252,16644
32543,33036,32711,33187,30540,34640,29256,35792,32498,37178,34252,16644
32530,32964,32775,32997,30540,34640,29256,35792,32498,37178,34252,16644
32480,32851,32678,32961,30540,34640,29256,35792,32498,37178,34252,16644
32558,32813,32739,33108,30540,34640,29256,35792,32498,37178,34252,16644
32652,33231,32651,33245,30540,34640,29256,35792,32498,37178,34252,16644
32754,33053,32667,33305,30540,34640,29256,35792,32498,37178,34252,16644
32832,32841,32673,33374,30528,34532,29352,36010,32472,37164,34250,16536
32867,33120,32803,33287,30528,34532,29352,36010,32472,37164,34250,16536
32809,32807,33028,33303,30528,34532,29352,36010,32472,37164,34250,16536
32870,32941,33209,33098,30528,34532,29352,36010,32472,37164,34250,16536
32875,33159,33245,33169,30528,34532,29352,36010,32472,37164,34250,16536
32758,32944,33209,33224,30528,34532,29352,36010,32472,37164,34250,16536
32750,33318,33055,33219,30528,34532,29352,36010,32472,37164,34250,16536
32788,32775,32871,33071,30528,34532,29352,36010,32472,37164,34250,16536
32729,32465,32805,32978,30528,34532,29352,36010,32472,37164,34250,16536
32745,33132,32677,33071,30528,34532,29352,36010,32472,37164,34250,16536
32774,32945,32703,33197,30500,34484,29328,35858,32436,37176,34184,16676
32825,32855,32621,33201,30500,34484,29328,35858,32436,37176,34184,16676
32740,33127,32676,33127,30500,34484,29328,35858,32436,37176,34184,16676
32773,32903,32790,32990,30500,34484,29328,35858,32436,37176,34184,16676
32782,32711,32879,33008,30500,34484,29328,35858,32436,37176,34184,16676
32784,32697,32809,33013,30500,34484,29328,35858,32436,37176,34184,16676
32834,32711,32761,33055,30500,34484,29328,35858,32436,37176,34184,16676
32769,32999,32759,33141,30500,34484,29328,35858,32436,37176,34184,16676
32751,32962,32802,33227,30500,34484,29328,35858,32436,37176,34184,16676
32790,32950,32818,33089,30500,34484,29328,35858,32436,37176,34184,16676
32719,33499,32911,33203,30488,34472,29344,35932,32412,37101,34212,16710
32784,33047,32788,33167,30488,34472,29344,35932,32412,37101,34212,16710
32829,33229,32751,33051,30488,34472,29344,35932,32412,37101,34212,16710
32866,32361,32787,32983,30488,34472,29344,35932,32412,37101,34212,16710
32880,32962,32715,33023,30488,34472,29344,35932,32412,37101,34212,16710
32944,32927,32599,33005,30488,34472,29344,35932,32412,37101,34212,16710
32855,33146,32523,32969,30488,34472,29344,35932,32412,37101,34212,16710
32809,32057,32591,33111,30488,34472,29344,35932,32412,37101,34212,16710
32837,32071,32669,33252,30488,34472,29344,35932,32412,37101,34212,16710
32795,32323,32711,33306,30488,34472,29344,35932,32412,37101,34212,16710
32790,32243,32754,33122,30524,34432,29346,35816,32360,37028,34180,16664
32786,31751,32767,33042,30524,34432,29346,35816,32360,37028,34180,16664
32712,31689,32762,33175,30524,34432,29346,35816,32360,37028,34180,16664
32691,32486,32886,33245,30524,34432,29346,35816,32360,37028,34180,16664
32748,32519,32823,33354,30524,34432,29346,35816,32360,37028,34180,16664
32713,32093,32741,33163,30524,34432,29346,35816,32360,37028,34180,16664
32715,32421,32754,33053,30524,34432,29346,35816,32360,37028,34180,16664
32761,32224,32659,33007,30524,34432,29346,35816,32360,37028,34180,16664
32727,32935,32654,33100,30524,34432,29346,35816,32360,37028,34180,16664
32674,33063,32709,33159,30524,34432,29346,35816,32360,37028,34180,16664
32626,33351,32775,33295,30518,34468,29372,35864,32340,36925,34166,16618
32628,33063,32717,33231,30518,34468,29372,35864,32340,36925,34166,16618
32592,33067,32741,33287,30518,34468,29372,35864,32340,36925,34166,16618
32566,33524,32762,33225,30518,34468,29372,35864,32340,36925,34166,16618
32580,33110,32749,33106,30518,34468,29372,35864,32340,36925,34166,16618
32562,33029,32723,33083,30518,34468,29372,35864,32340,36925,34166,16618
32637,33190,32737,33235,30518,34468,29372,35864,32340,36925,34166,16618
32752,33257,32738,33319,30518,34468,29372,35864,32340,36925,34166,16618
32848,32615,32743,33355,30518,34468,29372,35864,32340,36925,34166,16618
32944,32537,32672,33375,30518,34468,29372,35864,32340,36925,34166,16618
32948,31787,32730,33255,30523,34351,29550,36048,32344,36788,34220,16624
32981,32623,32748,33154,30523,34351,29550,36048,32344,36788,34220,16624
32958,32716,32925,33087,30523,34351,29550,36048,32344,36788,34220,16624
32907,32597,32989,33010,30523,34351,29550,36048,32344,36788,34220,16624
32945,32720,33091,33007,30523,34351,29550,36048,32344,36788,34220,16624
32912,32775,32983,33085,30523,34351,29550,36048,32344,36788,34220,16624
32911,32359,32973,33134,30523,34351,29550,36048,32344,36788,34220,16624
32888,33151,32836,33184,30523,34351,29550,36048,32344,36788,34220,16624
32868,33255,32815,33058,30523,34351,29550,36048,32344,36788,34220,16624
32775,33315,32751,32909,30523,34351,29550,36048,32344,36788,34220,16624
32829,33151,32804,33029,30536,34279,29668,36016,32300,36668,34206,16608
32759,32805,32755,33171,30536,34279,29668,36016,32300,36668,34206,16608
32702,33063,32733,33126,30536,34279,29668,36016,32300,36668,34206,16608
32735,32855,32765,32995,30536,34279,29668,36016,32300,36668,34206,16608
32602,33415,32679,33199,30536,34279,29668,36016,32300,36668,34206,16608
32562,33111,32716,33331,30536,34279,29668,36016,32300,36668,34206,16608
32487,32871,32767,33330,30536,34279,29668,36016,32300,36668,34206,16608
32436,32898,32728,33165,30536,34279,29668,36016,32300,36668,34206,16608
32383,32691,32747,33069,30536,34279,29668,36016,32300,36668,34206,16608
32551,32991,32681,33187,30536,34279,29668,36016,32300,36668,34206,16608
32673,32942,32630,33398,30494,34250,29612,35792,32260,36754,34104,16648
32648,32630,32686,33439,30494,34250,29612,35792,32260,36754,34104,16648
32737,32001,32772,33439,30494,34250,29612,35792,32260,36754,34104,16648
32753,32645,32768,33095,30494,34250,29612,35792,32260,36754,34104,16648
32804,32365,32955,33027,30494,34250,29612,35792,32260,36754,34104,16648
32923,31989,32957,33055,30494,34250,29612,35792,32260,36754,34104,16648
32901,32138,32903,33071,30494,34250,29612,35792,32260,36754,34104,16648
32935,31805,32900,33064,30494,34250,29612,35792,32260,36754,34104,16648
32950,31927,32879,32999,30494,34250,29612,35792,32260,36754,34104,16648
32957,32826,32825,33161,30494,34250,29612,35792,32260,36754,34104,16648
32927,33171,32809,33181,30476,34248,29456,35920,32160,36912,33961,16721
32883,32489,32805,33309,30476,34248,29456,35920,32160,36912,33961,16721
32847,32915,32855,33223,30476,34248,29456,35920,32160,36912,33961,16721
32846,33667,32810,32925,30476,34248,29456,35920,32160,36912,33961,16721
32713,33047,32772,32850,30476,34248,29456,35920,32160,36912,33961,16721
32694,33075,32774,33090,30476,34248,29456,35920,32160,36912,33961,16721
32826,33143,32803,33253,30476,34248,29456,35920,32160,36912,33961,16721
32775,32957,32701,33147,30476,34248,29456,35920,32160,36912,33961,16721
32783,32925,32767,33023,30476,34248,29456,35920,32160,36912,33961,16721
32818,33105,32741,33139,30476,34248,29456,35920,32160,36912,33961,16721
32721,33354,32659,33313,30501,34238,29522,36024,32106,37044,33970,16762
32731,32797,32691,33316,30501,34238,29522,36024,32106,37044,33970,16762
32617,32582,32679,33345,30501,34238,29522,36024,32106,37044,33970,16762
32590,32727,32647,33162,30501,34238,29522,36024,32106,37044,33970,16762
32585,32749,32579,33083,30501,34238,29522,36024,32106,37044,33970,16762
32752,32749,32591,33031,30501,34238,29522,36024,32106,37044,33970,16762
32735,32909,32654,33013,30501,34238,29522,36024,32106,37044,33970,16762
32649,33409,32678,33027,30501,34238,29522,36024,32106,37044,33970,16762
32651,33113,32955,33067,30501,34238,29522,36024,32106,37044,33970,16762
32694,33175,33191,33019,30501,34238,29522,36024,32106,37044,33970,16762
32717,33210,33195,32963,30452,34416,29440,35908,32148,37010,34066,16761
32774,33031,33137,33019,30452,34416,29440,35908,32148,37010,34066,16761
32733,32487,33126,32987,30452,34416,29440,35908,32148,37010,34066,16761
32731,33588,33091,32975,30452,34416,29440,35908,32148,37010,34066,16761
32786,33565,32989,32999,30452,34416,29440,35908,32148,37010,34066,16761
32934,33557,32914,33021,30452,34416,29440,35908,32148,37010,34066,16761
32903,33695,32918,33187,30452,34416,29440,35908,32148,37010,34066,16761
32860,33415,32899,33255,30452,34416,29440,35908,32148,37010,34066,16761
32805,33671,32825,33181,30452,34416,29440,35908,32148,37010,34066,16761
32789,33821,32717,33046,30452,34416,29440,35908,32148,37010,34066,16761
32792,33730,32706,32882,30408,34328,29578,35708,32340,37088,34040,16690
32775,33255,32655,32980,30408,34328,29578,35708,32340,37088,34040,16690
32735,33159,32567,33060,30408,34328,29578,35708,32340,37088,34040,16690
32775,32851,32527,32998,30408,34328,29578,35708,32340,37088,34040,16690
32869,33273,32614,33161,30408,34328,29578,35708,32340,37088,34040,16690
32814,32895,32615,33078,30408,34328,29578,35708,32340,37088,34040,16690
32739,33159,32662,33026,30408,34328,29578,35708,32340,37088,34040,16690
32754,33071,32647,33095,30408,34328,29578,35708,32340,37088,34040,16690
32737,33026,32735,33369,30408,34328,29578,35708,32340,37088,34040,16690
32681,32985,32789,33473,30408,34328,29578,35708,32340,37088,34040,16690
32742,32733,32793,33575,30498,34312,29538,35744,32420,37208,34092,16858
32822,32517,32847,33287,30498,34312,29538,35744,32420,37208,34092,16858
32871,32515,32786,33121,30498,34312,29538,35744,32420,37208,34092,16858
32829,32674,32683,33316,30498,34312,29538,35744,32420,37208,34092,16858
32807,32178,32723,33360,30498,34312,29538,35744,32420,37208,34092,16858
32725,32614,32748,33111,30498,34312,29538,35744,32420,37208,34092,16858
32724,31969,32813,33143,30498,34312,29538,35744,32420,37208,34092,16858
32803,32263,32739,33039,30498,34312,29538,35744,32420,37208,34092,16858
32846,32690,32775,33042,30498,34312,29538,35744,32420,37208,34092,16858
32820,32807,32827,33103,30498,34312,29538,35744,32420,37208,34092,16858
32871,33319,32901,32983,30288,34272,29028,35632,32408,37276,34108,16884
32886,32987,32846,33003,30288,34272,29028,35632,32408,37276,34108,16884
32866,32996,32803,33041,30288,34272,29028,35632,32408,37276,34108,16884
32832,33447,32727,33071,30288,34272,29028,35632,32408,37276,34108,16884
32783,33690,32771,33044,30288,34272,29028,35632,32408,37276,34108,16884
32732,33975,32863,33122,30288,34272,29028,35632,32408,37276,34108,16884
32758,33899,32804,33159,30288,34272,29028,35632,32408,37276,34108,16884
32744,33182,32775,33132,30288,34272,29028,35632,32408,37276,34108,16884
32714,33707,32722,33211,30288,34272,29028,35632,32408,37276,34108,16884
32679,32981,32703,33367,30288,34272,29028,35632,32408,37276,34108,16884
32710,32327,32863,33413,29896,34040,28328,35682,32212,37244,34016,16857
32670,32033,32870,33472,29896,34040,28328,35682,32212,37244,34016,16857
32728,31973,32839,33467,29896,34040,28328,35682,32212,37244,34016,16857
32703,31495,32707,33226,29896,34040,28328,35682,32212,37244,34016,16857
32652,31239,32605,33231,29896,34040,28328,35682,32212,37244,34016,16857
32594,31266,32647,33207,29896,34040,28328,35682,32212,37244,34016,16857
32549,30995,32703,33049,29896,34040,28328,35682,32212,37244,34016,16857
32612,31226,32711,33094,29896,34040,28328,35682,32212,37244,34016,16857
32633,31447,32603,33179,29896,34040,28328,35682,32212,37244,34016,16857
32731,31655,32639,33239,29896,34040,28328,35682,32212,37244,34016,16857
32734,32538,32657,33321,29380,33892,28248,35644,32008,37169,34280,16834
32797,32812,32645,33095,29380,33892,28248,35644,32008,37169,34280,16834
32730,32832,32610,33047,29380,33892,28248,35644,32008,37169,34280,16834
32747,33321,32730,32909,29380,33892,28248,35644,32008,37169,34280,16834
32718,32989,32734,33044,29380,33892,28248,35644,32008,37169,34280,16834
32777,32652,32804,33169,29380,33892,28248,35644,32008,37169,34280,16834
32784,32789,32866,33237,29380,33892,28248,35644,32008,37169,34280,16834
32804,32679,32908,33239,29380,33892,28248,35644,32008,37169,34280,16834
32786,32643,32974,33360,29380,33892,28248,35644,32008,37169,34280,16834
32774,32769,32983,33265,29380,33892,28248,35644,32008,37169,34280,16834
32848,32039,32935,33127,29212,34109,29266,35468,31901,37470,34130,16821
32868,32271,32923,33101,29212,34109,29266,35468,31901,37470,34130,16821
32912,31819,32866,33095,29212,34109,29266,35468,31901,37470,34130,16821
32851,31591,32775,33126,29212,34109,29266,35468,31901,37470,34130,16821
32754,31735,32745,33100,29212,34109,29266,35468,31901,37470,34130,16821
32735,31389,32711,32943,29212,34109,29266,35468,31901,37470,34130,16821
32796,31851,32671,32903,29212,34109,29266,35468,31901,37470,34130,16821
32824,31751,32566,32936,29212,34109,29266,35468,31901,37470,34130,16821
32790,31923,32563,33251,29212,34109,29266,35468,31901,37470,34130,16821
32696,31381,32663,33317,29212,34109,29266,35468,31901,37470,34130,16821
32753,31790,32663,33228,29328,34706,29412,35456,31608,37696,33492,16800
32775,31479,32784,33131,29328,34706,29412,35456,31608,37696,33492,16800
32840,31737,32902,33009,29328,34706,29412,35456,31608,37696,33492,16800
32761,31994,32871,33100,29328,34706,29412,35456,31608,37696,33492,16800
32718,32253,32882,33255,29328,34706,29412,35456,31608,37696,33492,16800
32709,32131,32895,33361,29328,34706,29412,35456,31608,37696,33492,16800
32773,32195,32923,33334,29328,34706,29412,35456,31608,37696,33492,16800
32864,32626,32925,33266,29328,34706,29412,35456,31608,37696,33492,16800
32946,32949,32848,33237,29328,34706,29412,35456,31608,37696,33492,16800
33013,33045,32827,33373,29328,34706,29412,35456,31608,37696,33492,16800
32758,32903,32819,33459,29776,34704,29372,35482,31392,37696,33340,16832
32711,34151,32651,33390,29776,34704,29372,35482,31392,37696,33340,16832
32888,34443,32658,33142,29776,34704,29372,35482,31392,37696,33340,16832
33011,34729,32743,32943,29776,34704,29372,35482,31392,37696,33340,16832
32916,35190,32797,32979,29776,34704,29372,35482,31392,37696,33340,16832
32835,35761,32734,32957,29776,34704,29372,35482,31392,37696,33340,16832
32724,35751,32595,33007,29776,34704,29372,35482,31392,37696,33340,16832
32679,35961,32490,33186,29776,34704,29372,35482,31392,37696,33340,16832
32454,35495,32514,33119,29776,34704,29372,35482,31392,37696,33340,16832
32255,35989,32628,33195,29776,34704,29372,35482,31392,37696,33340,16832
32447,34733,32738,33215,30376,34672,29364,35568,31232,37602,33464,16908
32484,34847,32775,33334,30376,34672,29364,35568,31232,37602,33464,16908
32696,33495,32850,33271,30376,34672,29364,35568,31232,37602,33464,16908
32894,33229,32939,33295,30376,34672,29364,35568,31232,37602,33464,16908
32905,32938,32943,33405,30376,34672,29364,35568,31232,37602,33464,16908
32927,33119,32938,33285,30376,34672,29364,35568,31232,37602,33464,16908
32887,33261,32735,33094,30376,34672,29364,35568,31232,37602,33464,16908
32689,33144,32691,32967,30376,34672,29364,35568,31232,37602,33464,16908
32672,33543,32662,32981,30376,34672,29364,35568,31232,37602,33464,16908
32852,33463,32683,33013,30376,34672,29364,35568,31232,37602,33464,16908
32905,32963,32754,33142,30352,34594,28956,35342,31440,37504,33611,16932
32853,32973,32655,33149,30352,34594,28956,35342,31440,37504,33611,16932
32900,32642,32677,33143,30352,34594,28956,35342,31440,37504,33611,16932
32698,32122,32761,33125,30352,34594,28956,35342,31440,37504,33611,16932
32708,32467,32775,33183,30352,34594,28956,35342,31440,37504,33611,16932
32961,31737,32765,33287,30352,34594,28956,35342,31440,37504,33611,16932
33042,32217,32687,33415,30352,34594,28956,35342,31440,37504,33611,16932
32944,32911,32615,33318,30352,34594,28956,35342,31440,37504,33611,16932
33039,33505,32674,33151,30352,34594,28956,35342,31440,37504,33611,16932
33138,33309,32937,33018,30352,34594,28956,35342,31440,37504,33611,16932
32861,32855,32877,32962,30396,34176,28856,35322,31753,37312,34261,16778
32619,33833,32813,32893,30396,34176,28856,35322,31753,37312,34261,16778
32700,34487,32805,33050,30396,34176,28856,35322,31753,37312,34261,16778
32848,33467,32919,33261,30396,34176,28856,35322,31753,37312,34261,16778
32631,34115,32942,33375,30396,34176,28856,35322,31753,37312,34261,16778
32615,33085,32867,33493,30396,34176,28856,35322,31753,37312,34261,16778
32617,32727,32882,33482,30396,34176,28856,35322,31753,37312,34261,16778
32690,32843,32893,33287,30396,34176,28856,35322,31753,37312,34261,16778
32708,32333,32920,33055,30396,34176,28856,35322,31753,37312,34261,16778
32367,31587,32959,33083,30396,34176,28856,35322,31753,37312,34261,16778
32141,30605,33001,33172,30268,34084,29058,35311,32058,37264,34862,16925
31903,30666,32933,33267,30268,34084,29058,35311,32058,37264,34862,16925
32007,30855,32935,33245,30268,34084,29058,35311,32058,37264,34862,16925
32438,31530,32955,33220,30268,34084,29058,35311,32058,37264,34862,16925
32722,31819,32829,32950,30268,34084,29058,35311,32058,37264,34862,16925
32520,33782,32665,32726,30268,34084,29058,35311,32058,37264,34862,16925
32977,34055,32511,32711,30268,34084,29058,35311,32058,37264,34862,16925
33600,34799,32423,32846,30268,34084,29058,35311,32058,37264,34862,16925
33630,35143,32349,33099,30268,34084,29058,35311,32058,37264,34862,16925
33430,34686,32398,33119,30268,34084,29058,35311,32058,37264,34862,16925
33063,35013,32457,33092,29826,34380,29384,35488,32328,37032,34970,16808
32693,34119,32367,33156,29826,34380,29384,35488,32328,37032,34970,16808
32684,33462,32102,33260,29826,34380,29384,35488,32328,37032,34970,16808
32646,32839,32279,33227,29826,34380,29384,35488,32328,37032,34970,16808
32634,32243,32741,33219,29826,34380,29384,35488,32328,37032,34970,16808
32683,31025,33106,33421,29826,34380,29384,35488,32328,37032,34970,16808
32654,30879,33067,33198,29826,34380,29384,35488,32328,37032,34970,16808
32608,30907,32867,33019,29826,34380,29384,35488,32328,37032,34970,16808
32254,30201,32689,33140,29826,34380,29384,35488,32328,37032,34970,16808
32583,29011,32912,33423,29826,34380,29384,35488,32328,37032,34970,16808
33845,29770,33035,33332,29452,34476,29698,35550,32284,36952,35144,16935
33727,30223,33031,33229,29452,34476,29698,35550,32284,36952,35144,16935
32820,30503,32975,33159,29452,34476,29698,35550,32284,36952,35144,16935
32565,30915,32892,33071,29452,34476,29698,35550,32284,36952,35144,16935
32051,32275,32775,32781,29452,34476,29698,35550,32284,36952,35144,16935
31878,33351,32517,32383,29452,34476,29698,35550,32284,36952,35144,16935
31716,35123,32421,31943,29452,34476,29698,35550,32284,36952,35144,16935
32130,35471,32565,32241,29452,34476,29698,35550,32284,36952,35144,16935
32805,36418,32698,32669,29452,34476,29698,35550,32284,36952,35144,16935
33765,36191,32722,32946,29452,34476,29698,35550,32284,36952,35144,16935
34122,36288,32645,33159,29440,34624,29741,35682,32164,36874,35152,16997
34334,35495,32577,33540,29440,34624,29741,35682,32164,36874,35152,16997
34118,35041,32351,33759,29440,34624,29741,35682,32164,36874,35152,16997
33845,33749,32187,33647,29440,34624,29741,35682,32164,36874,35152,16997
33129,33505,32178,33415,29440,34624,29741,35682,32164,36874,35152,16997
32263,32974,32292,33463,29440,34624,29741,35682,32164,36874,35152,16997
31502,33298,32459,33203,29440,34624,29741,35682,32164,36874,35152,16997
30900,35095,32502,33023,29440,34624,29741,35682,32164,36874,35152,16997
31916,33295,32815,32784,29440,34624,29741,35682,32164,36874,35152,16997
33108,30789,33164,33026,29440,34624,29741,35682,32164,36874,35152,16997
33541,29995,33253,33349,29652,34962,29664,35548,32020,37008,35086,17148
33646,29457,33247,33247,29652,34962,29664,35548,32020,37008,35086,17148
33872,30701,33105,33306,29652,34962,29664,35548,32020,37008,35086,17148
33398,31104,32856,33311,29652,34962,29664,35548,32020,37008,35086,17148
32182,32611,32831,33263,29652,34962,29664,35548,32020,37008,35086,17148
32079,32263,32921,33243,29652,34962,29664,35548,32020,37008,35086,17148
32474,31503,32911,33277,29652,34962,29664,35548,32020,37008,35086,17148
33101,32855,33140,33188,29652,34962,29664,35548,32020,37008,35086,17148
33277,34743,33415,33154,29652,34962,29664,35548,32020,37008,35086,17148
33050,33863,33302,32989,29652,34962,29664,35548,32020,37008,35086,17148
32788,32794,32963,33173,30020,35216,29812,35538,31920,37106,35180,17170
32407,32722,32799,33191,30020,35216,29812,35538,31920,37106,35180,17170
31833,29570,32579,33327,30020,35216,29812,35538,31920,37106,35180,17170
31555,28503,32237,32881,30020,35216,29812,35538,31920,37106,35180,17170
31430,30437,32214,32839,30020,35216,29812,35538,31920,37106,35180,17170
31609,32237,32423,32950,30020,35216,29812,35538,31920,37106,35180,17170
31933,32247,32598,33229,30020,35216,29812,35538,31920,37106,35180,17170
32207,30665,32763,33371,30020,35216,29812,35538,31920,37106,35180,17170
32938,30349,32839,33598,30020,35216,29812,35538,31920,37106,35180,17170
32970,30567,32794,33551,30020,35216,29812,35538,31920,37106,35180,17170
32272,30423,32630,33231,30332,35504,29608,35529,31888,37274,34906,17100
31980,31247,32684,33147,30332,35504,29608,35529,31888,37274,34906,17100
32210,31383,32605,32786,30332,35504,29608,35529,31888,37274,34906,17100
32587,32178,32511,32799,30332,35504,29608,35529,31888,37274,34906,17100
32794,32319,32609,32809,30332,35504,29608,35529,31888,37274,34906,17100
32505,33251,32735,32775,30332,35504,29608,35529,31888,37274,34906,17100
32552,32452,32815,32906,30332,35504,29608,35529,31888,37274,34906,17100
32928,31303,33021,33211,30332,35504,29608,35529,31888,37274,34906,17100
33493,31607,32967,33444,30332,35504,29608,35529,31888,37274,34906,17100
33537,31360,32871,33607,30332,35504,29608,35529,31888,37274,34906,17100
33124,30417,32922,33427,30568,35578,29741,35680,31908,37297,34954,17104
33168,30198,32997,33263,30568,35578,29741,35680,31908,37297,34954,17104
33763,30829,32775,33085,30568,35578,29741,35680,31908,37297,34954,17104
33938,31536,32457,33211,30568,35578,29741,35680,31908,37297,34954,17104
33402,33031,32262,33182,30568,35578,29741,35680,31908,37297,34954,17104
33221,33003,32327,33385,30568,35578,29741,35680,31908,37297,34954,17104
32962,33151,32665,33295,30568,35578,29741,35680,31908,37297,34954,17104
32340,32774,32619,32905,30568,35578,29741,35680,31908,37297,34954,17104
32384,33840,32613,33172,30568,35578,29741,35680,31908,37297,34954,17104
32541,33958,32783,33435,30568,35578,29741,35680,31908,37297,34954,17104
32498,33751,33069,33521,30760,35592,29816,35712,31992,37256,34858,17192
32524,32715,33276,33181,30760,35592,29816,35712,31992,37256,34858,17192
32608,33458,33359,33219,30760,35592,29816,35712,31992,37256,34858,17192
32652,34007,33282,33355,30760,35592,29816,35712,31992,37256,34858,17192
32648,34695,33229,33327,30760,35592,29816,35712,31992,37256,34858,17192
31750,36280,32935,33132,30760,35592,29816,35712,31992,37256,34858,17192
31069,38136,32597,32699,30760,35592,29816,35712,31992,37256,34858,17192
31560,39183,32324,32673,30760,35592,29816,35712,31992,37256,34858,17192
32391,37903,32062,32820,30760,35592,29816,35712,31992,37256,34858,17192
32930,37279,32079,33203,30760,35592,29816,35712,31992,37256,34858,17192
33455,36347,32179,33187,30501,35612,29692,35756,32157,37074,34960,17248
33965,35237,32327,33175,30501,35612,29692,35756,32157,37074,34960,17248
34032,34338,32551,33368,30501,35612,29692,35756,32157,37074,34960,17248
33894,34519,32643,33212,30501,35612,29692,35756,32157,37074,34960,17248
34217,34835,32995,32906,30501,35612,29692,35756,32157,37074,34960,17248
34700,33919,33350,32767,30501,35612,29692,35756,32157,37074,34960,17248
34709,34379,33341,32754,30501,35612,29692,35756,32157,37074,34960,17248
34258,34879,33026,32890,30501,35612,29692,35756,32157,37074,34960,17248
33324,34395,32999,33199,30501,35612,29692,35756,32157,37074,34960,17248
32190,33875,33053,33362,30501,35612,29692,35756,32157,37074,34960,17248
31354,34161,33031,33273,30365,35576,29768,35528,32444,37132,35018,17180
31081,34245,33024,33135,30365,35576,29768,35528,32444,37132,35018,17180
30638,34687,33025,32794,30365,35576,29768,35528,32444,37132,35018,17180
30788,34437,33006,32815,30365,35576,29768,35528,32444,37132,35018,17180
31239,35373,32945,32885,30365,35576,29768,35528,32444,37132,35018,17180
31727,35399,32895,32969,30365,35576,29768,35528,32444,37132,35018,17180
32696,35319,32838,32985,30365,35576,29768,35528,32444,37132,35018,17180
33373,34679,32850,33022,30365,35576,29768,35528,32444,37132,35018,17180
33695,34163,32895,33073,30365,35576,29768,35528,32444,37132,35018,17180
33874,35139,32959,33084,30365,35576,29768,35528,32444,37132,35018,17180
34359,34815,32971,33214,30694,35300,29722,35704,32710,37104,35072,17370
34297,35199,32893,33350,30694,35300,29722,35704,32710,37104,35072,17370
34107,34617,32879,33330,30694,35300,29722,35704,32710,37104,35072,17370
33830,34543,32963,33171,30694,35300,29722,35704,32710,37104,35072,17370
33481,34611,32922,33056,30694,35300,29722,35704,32710,37104,35072,17370
32241,33486,32871,33145,30694,35300,29722,35704,32710,37104,35072,17370
31869,32790,32829,33183,30694,35300,29722,35704,32710,37104,35072,17370
31477,33108,32805,33121,30694,35300,29722,35704,32710,37104,35072,17370
31827,32651,33065,33051,30694,35300,29722,35704,32710,37104,35072,17370
31756,34043,33077,32969,30694,35300,29722,35704,32710,37104,35072,17370
32271,34127,32948,32980,31028,35124,29732,35696,32652,37048,35054,17349
33429,33299,32651,33063,31028,35124,29732,35696,32652,37048,35054,17349
33943,32550,32539,33152,31028,35124,29732,35696,32652,37048,35054,17349
33441,32607,32553,33115,31028,35124,29732,35696,32652,37048,35054,17349
32720,32130,32503,33143,31028,35124,29732,35696,32652,37048,35054,17349
32043,30444,32564,33523,31028,35124,29732,35696,32652,37048,35054,17349
32272,29689,32780,33831,31028,35124,29732,35696,32652,37048,35054,17349
33424,29443,33081,34032,31028,35124,29732,35696,32652,37048,35054,17349
33554,29518,33370,34141,31028,35124,29732,35696,32652,37048,35054,17349
32950,29501,33319,33593,31028,35124,29732,35696,32652,37048,35054,17349
32343,29339,33225,33379,31272,35064,29693,35464,32576,36964,35160,17484
31490,29399,32946,33562,31272,35064,29693,35464,32576,36964,35160,17484
30904,29985,32791,33348,31272,35064,29693,35464,32576,36964,35160,17484
31467,30001,32802,33187,31272,35064,29693,35464,32576,36964,35160,17484
31611,29614,32799,33287,31272,35064,29693,35464,32576,36964,35160,17484
32029,29164,32869,33488,31272,35064,29693,35464,32576,36964,35160,17484
32715,29351,33151,33554,31272,35064,29693,35464,32576,36964,35160,17484
33037,29333,33190,33372,31272,35064,29693,35464,32576,36964,35160,17484
33410,29647,33083,33281,31272,35064,29693,35464,32576,36964,35160,17484
33407,29434,32822,32831,31272,35064,29693,35464,32576,36964,35160,17484
33091,28981,32625,32578,31388,35188,29629,35600,32568,36888,35064,17522
32876,28516,32587,32626,31388,35188,29629,35600,32568,36888,35064,17522
32676,28449,32791,32866,31388,35188,29629,35600,32568,36888,35064,17522
32742,28402,33006,32699,31388,35188,29629,35600,32568,36888,35064,17522
32809,28979,32674,32660,31388,35188,29629,35600,32568,36888,35064,17522
32409,29388,32638,32591,31388,35188,29629,35600,32568,36888,35064,17522
31916,28973,32841,32765,31388,35188,29629,35600,32568,36888,35064,17522
31872,29417,32991,32951,31388,35188,29629,35600,32568,36888,35064,17522
32430,29763,33005,32924,31388,35188,29629,35600,32568,36888,35064,17522
32731,30537,32957,32847,31388,35188,29629,35600,32568,36888,35064,17522
33019,31118,33107,32902,31437,35402,29704,35588,32468,36824,35248,17475
33463,31733,33263,33067,31437,35402,29704,35588,32468,36824,35248,17475
34227,32322,33138,32943,31437,35402,29704,35588,32468,36824,35248,17475
34525,32819,33163,32999,31437,35402,29704,35588,32468,36824,35248,17475
34084,32663,33156,33091,31437,35402,29704,35588,32468,36824,35248,17475
33342,33046,32974,33271,31437,35402,29704,35588,32468,36824,35248,17475
33061,32438,32903,33207,31437,35402,29704,35588,32468,36824,35248,17475
33175,32277,32983,33317,31437,35402,29704,35588,32468,36824,35248,17475
33180,32357,33047,33552,31437,35402,29704,35588,32468,36824,35248,17475
33039,32375,32851,33460,31437,35402,29704,35588,32468,36824,35248,17475
32461,33251,32717,33365,31558,35670,29986,35408,32448,36864,35133,17554
32205,33026,32439,32967,31558,35670,29986,35408,32448,36864,35133,17554
32121,32931,32549,32989,31558,35670,29986,35408,32448,36864,35133,17554
32357,32221,32633,33135,31558,35670,29986,35408,32448,36864,35133,17554
32679,32218,32621,33231,31558,35670,29986,35408,32448,36864,35133,17554
33415,31810,32671,33351,31558,35670,29986,35408,32448,36864,35133,17554
33684,31775,33135,33202,31558,35670,29986,35408,32448,36864,35133,17554
33655,32247,33306,33033,31558,35670,29986,35408,32448,36864,35133,17554
33102,33556,33298,33081,31558,35670,29986,35408,32448,36864,35133,17554
32626,36145,33223,33119,31558,35670,29986,35408,32448,36864,35133,17554
31762,35103,33078,33287,31674,35916,30016,35450,32356,36772,35288,17688
31451,35215,32900,33190,31674,35916,30016,35450,32356,36772,35288,17688
31818,36190,32738,33124,31674,35916,30016,35450,32356,36772,35288,17688
32396,36457,32622,33402,31674,35916,30016,35450,32356,36772,35288,17688
34031,35749,32549,33413,31674,35916,30016,35450,32356,36772,35288,17688
34394,36070,32635,33217,31674,35916,30016,35450,32356,36772,35288,17688
34048,36558,32899,32931,31674,35916,30016,35450,32356,36772,35288,17688
33323,37159,32979,32990,31674,35916,30016,35450,32356,36772,35288,17688
32281,36791,32967,32986,31674,35916,30016,35450,32356,36772,35288,17688
32855,36517,32929,33099,31674,35916,30016,35450,32356,36772,35288,17688
33648,36543,32919,33363,31628,36088,29904,35680,32425,36884,35368,17800
33525,35847,32923,33455,31628,36088,29904,35680,32425,36884,35368,17800
32718,34927,33026,33439,31628,36088,29904,35680,32425,36884,35368,17800
31698,34149,32879,33260,31628,36088,29904,35680,32425,36884,35368,17800
30978,34135,32788,33278,31628,36088,29904,35680,32425,36884,35368,17800
31394,34227,32733,33053,31628,36088,29904,35680,32425,36884,35368,17800
31823,33846,32696,32862,31628,36088,29904,35680,32425,36884,35368,17800
32033,34516,32703,32867,31628,36088,29904,35680,32425,36884,35368,17800
32300,35119,32750,33063,31628,36088,29904,35680,32425,36884,35368,17800
32409,36450,32870,33139,31628,36088,29904,35680,32425,36884,35368,17800
32617,36987,32754,32967,31445,36268,29988,35464,32548,37000,35541,17878
32415,36988,32647,32894,31445,36268,29988,35464,32548,37000,35541,17878
31663,37450,32589,32755,31445,36268,29988,35464,32548,37000,35541,17878
31774,38003,32571,32911,31445,36268,29988,35464,32548,37000,35541,17878
32232,35973,32543,33241,31445,36268,29988,35464,32548,37000,35541,17878
33010,33255,32519,33419,31445,36268,29988,35464,32548,37000,35541,17878
33380,32819,32532,33147,31445,36268,29988,35464,32548,37000,35541,17878
33422,31563,32639,32985,31445,36268,29988,35464,32548,37000,35541,17878
33315,30635,32557,33045,31445,36268,29988,35464,32548,37000,35541,17878
33053,30125,32565,33114,31445,36268,29988,35464,32548,37000,35541,17878
32882,30390,32573,33141,31280,36408,30121,35520,32532,36890,35636,17916
32780,30663,32803,33347,31280,36408,30121,35520,32532,36890,35636,17916
33208,30763,32842,33415,31280,36408,30121,35520,32532,36890,35636,17916
34343,30851,32699,33331,31280,36408,30121,35520,32532,36890,35636,17916
34386,31234,32667,33275,31280,36408,30121,35520,32532,36890,35636,17916
33935,31487,32551,33221,31280,36408,30121,35520,32532,36890,35636,17916
33868,31611,32430,33202,31280,36408,30121,35520,32532,36890,35636,17916
33448,32479,32358,33307,31280,36408,30121,35520,32532,36890,35636,17916
32620,32939,32213,33308,31280,36408,30121,35520,32532,36890,35636,17916
32134,32686,32167,33241,31280,36408,30121,35520,32532,36890,35636,17916
32144,31543,32201,33175,31202,36392,30244,35768,32516,36792,35656,17900
32436,28692,32422,33114,31202,36392,30244,35768,32516,36792,35656,17900
32509,29097,32796,33045,31202,36392,30244,35768,32516,36792,35656,17900
32904,29525,33193,32759,31202,36392,30244,35768,32516,36792,35656,17900
33072,29908,33268,32579,31202,36392,30244,35768,32516,36792,35656,17900
32761,30157,32919,33110,31202,36392,30244,35768,32516,36792,35656,17900
32347,29258,32769,33190,31202,36392,30244,35768,32516,36792,35656,17900
32238,29758,32921,33351,31202,36392,30244,35768,32516,36792,35656,17900
32285,29667,32865,33391,31202,36392,30244,35768,32516,36792,35656,17900
32263,30479,32927,33455,31202,36392,30244,35768,32516,36792,35656,17900
32378,30971,33015,33447,31104,36320,30220,35716,32546,36828,35636,17956
32432,32257,33119,33215,31104,36320,30220,35716,32546,36828,35636,17956
32679,33044,33287,33138,31104,36320,30220,35716,32546,36828,35636,17956
32816,34471,33159,33070,31104,36320,30220,35716,32546,36828,35636,17956
32361,34445,32807,33306,31104,36320,30220,35716,32546,36828,35636,17956
32038,35365,32441,33322,31104,36320,30220,35716,32546,36828,35636,17956
32291,36384,32406,33287,31104,36320,30220,35716,32546,36828,35636,17956
32848,36603,32487,33307,31104,36320,30220,35716,32546,36828,35636,17956
33188,36349,32598,33202,31104,36320,30220,35716,32546,36828,35636,17956
32095,35639,32491,33163,31104,36320,30220,35716,32546,36828,35636,17956
32086,36125,32449,33147,31069,36264,30176,35718,32605,36856,35580,18052
32902,36050,32579,33083,31069,36264,30176,35718,32605,36856,35580,18052
34164,35223,32815,33146,31069,36264,30176,35718,32605,36856,35580,18052
34310,34061,32998,33178,31069,36264,30176,35718,32605,36856,35580,18052
34178,33433,32967,33322,31069,36264,30176,35718,32605,36856,35580,18052
33465,33270,32740,33241,31069,36264,30176,35718,32605,36856,35580,18052
32988,33618,32519,33138,31069,36264,30176,35718,32605,36856,35580,18052
32700,32661,32479,33089,31069,36264,30176,35718,32605,36856,35580,18052
32448,31687,32578,33012,31069,36264,30176,35718,32605,36856,35580,18052
32253,31956,32647,33153,31069,36264,30176,35718,32605,36856,35580,18052
32471,31286,32647,33230,31226,36236,30456,35682,32624,36924,35496,18029
32216,31167,32527,33213,31226,36236,30456,35682,32624,36924,35496,18029
31695,31148,32439,33303,31226,36236,30456,35682,32624,36924,35496,18029
31841,32535,32434,33229,31226,36236,30456,35682,32624,36924,35496,18029
32242,32533,32519,33235,31226,36236,30456,35682,32624,36924,35496,18029
32402,32611,32797,33351,31226,36236,30456,35682,32624,36924,35496,18029
32692,32836,33039,33303,31226,36236,30456,35682,32624,36924,35496,18029
32839,32499,33047,33199,31226,36236,30456,35682,32624,36924,35496,18029
33022,32907,32927,33284,31226,36236,30456,35682,32624,36924,35496,18029
33151,33199,32797,33070,31226,36236,30456,35682,32624,36924,35496,18029
32951,33982,32509,32938,31394,36188,30492,35848,32680,37032,35276,18052
32658,35128,32343,32903,31394,36188,30492,35848,32680,37032,35276,18052
32367,35427,32463,33113,31394,36188,30492,35848,32680,37032,35276,18052
32189,35847,32744,33451,31394,36188,30492,35848,32680,37032,35276,18052
32308,35839,33019,33815,31394,36188,30492,35848,32680,37032,35276,18052
32287,34976,33173,33970,31394,36188,30492,35848,32680,37032,35276,18052
32019,35135,33231,33807,31394,36188,30492,35848,32680,37032,35276,18052
32240,36293,33005,33555,31394,36188,30492,35848,32680,37032,35276,18052
32877,36231,32793,33339,31394,36188,30492,35848,32680,37032,35276,18052
33292,34787,32726,33103,31394,36188,30492,35848,32680,37032,35276,18052
33085,32989,32719,32899,31506,36193,30305,35884,32718,37134,35534,18296
32942,32311,32711,32621,31506,36193,30305,35884,32718,37134,35534,18296
33162,31771,32645,32429,31506,36193,30305,35884,32718,37134,35534,18296
33158,30631,32763,32408,31506,36193,30305,35884,32718,37134,35534,18296
33457,30329,32889,32559,31506,36193,30305,35884,32718,37134,35534,18296
34217,30719,33078,32644,31506,36193,30305,35884,32718,37134,35534,18296
34524,31399,33236,32820,31506,36193,30305,35884,32718,37134,35534,18296
34482,31451,33163,32757,31506,36193,30305,35884,32718,37134,35534,18296
33894,31777,32864,32974,31506,36193,30305,35884,32718,37134,35534,18296
32987,32057,32543,32957,31506,36193,30305,35884,32718,37134,35534,18296
32530,31257,32527,33013,31614,36284,30164,35586,32878,37221,35620,18370
32595,30927,32717,32951,31614,36284,30164,35586,32878,37221,35620,18370
32841,29743,32799,33023,31614,36284,30164,35586,32878,37221,35620,18370
32650,29428,32842,32911,31614,36284,30164,35586,32878,37221,35620,18370
32071,29317,32562,32893,31614,36284,30164,35586,32878,37221,35620,18370
31650,29098,32467,32889,31614,36284,30164,35586,32878,37221,35620,18370
31568,28903,32687,32966,31614,36284,30164,35586,32878,37221,35620,18370
31904,28227,32999,33069,31614,36284,30164,35586,32878,37221,35620,18370
32178,28031,33307,32951,31614,36284,30164,35586,32878,37221,35620,18370
32576,27783,33183,32836,31614,36284,30164,35586,32878,37221,35620,18370
32922,27527,33003,32954,31682,36490,30200,35790,33016,37264,35532,18384
32574,27762,32853,32926,31682,36490,30200,35790,33016,37264,35532,18384
31563,28473,32559,33015,31682,36490,30200,35790,33016,37264,35532,18384
30932,29191,32334,33237,31682,36490,30200,35790,33016,37264,35532,18384
31675,30246,32304,33396,31682,36490,30200,35790,33016,37264,35532,18384
32521,31103,32492,33387,31682,36490,30200,35790,33016,37264,35532,18384
33081,31213,32683,33455,31682,36490,30200,35790,33016,37264,35532,18384
33511,32523,32481,33215,31682,36490,30200,35790,33016,37264,35532,18384
33793,33669,32461,33181,31682,36490,30200,35790,33016,37264,35532,18384
33504,35177,32550,33111,31682,36490,30200,35790,33016,37264,35532,18384
33306,35381,32747,33170,31928,36630,30244,35748,33106,37056,35912,18602
33484,35228,33053,33250,31928,36630,30244,35748,33106,37056,35912,18602
34140,35629,33349,33302,31928,36630,30244,35748,33106,37056,35912,18602
34213,35005,33399,33243,31928,36630,30244,35748,33106,37056,35912,18602
33761,34623,33527,33327,31928,36630,30244,35748,33106,37056,35912,18602
33424,34575,33398,33255,31928,36630,30244,35748,33106,37056,35912,18602
33156,34030,32905,33287,31928,36630,30244,35748,33106,37056,35912,18602
33007,33220,32503,33231,31928,36630,30244,35748,33106,37056,35912,18602
33074,32288,32429,33204,31928,36630,30244,35748,33106,37056,35912,18602
32499,31289,32390,33215,31928,36630,30244,35748,33106,37056,35912,18602
32313,30392,32399,33221,32225,36760,30468,35728,33060,36529,36240,18618
31876,30002,32534,33164,32225,36760,30468,35728,33060,36529,36240,18618
31596,30159,32925,32935,32225,36760,30468,35728,33060,36529,36240,18618
31555,30069,33382,32844,32225,36760,30468,35728,33060,36529,36240,18618
31641,30510,33599,32915,32225,36760,30468,35728,33060,36529,36240,18618
31937,31147,33341,32939,32225,36760,30468,35728,33060,36529,36240,18618
32099,31259,33197,32996,32225,36760,30468,35728,33060,36529,36240,18618
32456,32101,33015,33051,32225,36760,30468,35728,33060,36529,36240,18618
32477,32375,32751,32930,32225,36760,30468,35728,33060,36529,36240,18618
31535,32735,32590,32840,32225,36760,30468,35728,33060,36529,36240,18618
31014,34075,32573,32999,32432,36740,30432,35770,33168,36364,35960,18852
31558,34101,32487,33001,32432,36740,30432,35770,33168,36364,35960,18852
32363,34427,32478,32973,32432,36740,30432,35770,33168,36364,35960,18852
33932,34900,32591,33175,32432,36740,30432,35770,33168,36364,35960,18852
34381,35247,32615,33030,32432,36740,30432,35770,33168,36364,35960,18852
34049,35403,32677,33027,32432,36740,30432,35770,33168,36364,35960,18852
34290,35570,32866,33088,32432,36740,30432,35770,33168,36364,35960,18852
34260,35847,32987,33322,32432,36740,30432,35770,33168,36364,35960,18852
34204,36269,33161,33331,32432,36740,30432,35770,33168,36364,35960,18852
34389,36475,33106,33428,32432,36740,30432,35770,33168,36364,35960,18852
33814,36587,32846,33261,32530,36632,30400,35720,33309,36496,35850,18816
32737,36167,32608,33189,32530,36632,30400,35720,33309,36496,35850,18816
32286,35993,32553,33153,32530,36632,30400,35720,33309,36496,35850,18816
32878,36305,32577,33085,32530,36632,30400,35720,33309,36496,35850,18816
32748,36924,32557,33106,32530,36632,30400,35720,33309,36496,35850,18816
32406,37273,32494,33298,32530,36632,30400,35720,33309,36496,35850,18816
32189,37377,32674,33361,32530,36632,30400,35720,33309,36496,35850,18816
32289,36837,32791,33319,32530,36632,30400,35720,33309,36496,35850,18816
32888,36863,33023,33287,32530,36632,30400,35720,33309,36496,35850,18816
32864,36410,32933,33247,32530,36632,30400,35720,33309,36496,35850,18816
33344,35219,32819,33323,32728,36580,30418,35624,33332,36664,35806,19092
33081,35047,32519,33471,32728,36580,30418,35624,33332,36664,35806,19092
32412,34279,32386,33552,32728,36580,30418,35624,33332,36664,35806,19092
32420,33859,32491,33305,32728,36580,30418,35624,33332,36664,35806,19092
32429,33409,32609,33437,32728,36580,30418,35624,33332,36664,35806,19092
32171,34019,32661,33211,32728,36580,30418,35624,33332,36664,35806,19092
32127,33599,32658,33315,32728,36580,30418,35624,33332,36664,35806,19092
32454,32627,32749,33315,32728,36580,30418,35624,33332,36664,35806,19092
32746,33261,32971,33293,32728,36580,30418,35624,33332,36664,35806,19092
32607,32903,33051,33368,32728,36580,30418,35624,33332,36664,35806,19092
32341,32095,33118,33595,32704,36585,30296,35588,33274,36846,35776,19177
32352,32039,32827,33501,32704,36585,30296,35588,33274,36846,35776,19177
32229,32359,32475,33301,32704,36585,30296,35588,33274,36846,35776,19177
32179,32807,32455,33068,32704,36585,30296,35588,33274,36846,35776,19177
32026,32071,32575,33087,32704,36585,30296,35588,33274,36846,35776,19177
31976,31983,32619,32937,32704,36585,30296,35588,33274,36846,35776,19177
32498,32178,32733,32879,32704,36585,30296,35588,33274,36846,35776,19177
32722,32027,32775,33037,32704,36585,30296,35588,33274,36846,35776,19177
33094,31931,32911,33183,32704,36585,30296,35588,33274,36846,35776,19177
33090,32739,33003,33299,32704,36585,30296,35588,33274,36846,35776,19177
33100,32819,33003,33132,32760,36568,30400,35496,33270,37104,35648,19218
32645,32627,32956,33209,32760,36568,30400,35496,33270,37104,35648,19218
32890,32314,32982,33179,32760,36568,30400,35496,33270,37104,35648,19218
33108,33151,32964,33029,32760,36568,30400,35496,33270,37104,35648,19218
33108,32621,33079,32986,32760,36568,30400,35496,33270,37104,35648,19218
33106,32227,33132,32845,32760,36568,30400,35496,33270,37104,35648,19218
32740,32727,33398,32804,32760,36568,30400,35496,33270,37104,35648,19218
32512,32133,33445,32903,32760,36568,30400,35496,33270,37104,35648,19218
32578,31851,33351,33143,32760,36568,30400,35496,33270,37104,35648,19218
33062,32246,33067,33138,32760,36568,30400,35496,33270,37104,35648,19218
33751,31379,32741,33154,32645,36748,30540,35628,33228,37232,35613,19344
33696,31446,32623,33031,32645,36748,30540,35628,33228,37232,35613,19344
33224,31303,32707,33131,32645,36748,30540,35628,33228,37232,35613,19344
32823,31271,32599,33231,32645,36748,30540,35628,33228,37232,35613,19344
32639,31924,32541,33229,32645,36748,30540,35628,33228,37232,35613,19344
32782,32045,32478,33135,32645,36748,30540,35628,33228,37232,35613,19344
32146,32151,32410,33023,32645,36748,30540,35628,33228,37232,35613,19344
31604,32067,32287,32971,32645,36748,30540,35628,33228,37232,35613,19344
32432,31645,32119,32829,32645,36748,30540,35628,33228,37232,35613,19344
32924,32370,32255,32947,32645,36748,30540,35628,33228,37232,35613,19344
32488,32575,32275,32977,32560,36848,30712,35444,33044,37178,35792,19586
32459,32326,32331,32844,32560,36848,30712,35444,33044,37178,35792,19586
32514,32109,32527,32833,32560,36848,30712,35444,33044,37178,35792,19586
32695,31762,32694,32870,32560,36848,30712,35444,33044,37178,35792,19586
32908,32143,33119,32775,32560,36848,30712,35444,33044,37178,35792,19586
33316,32457,33469,32877,32560,36848,30712,35444,33044,37178,35792,19586
33718,32898,33247,32989,32560,36848,30712,35444,33044,37178,35792,19586
33429,33881,32984,33159,32560,36848,30712,35444,33044,37178,35792,19586
33178,33717,33042,33111,32560,36848,30712,35444,33044,37178,35792,19586
32592,33830,33081,33107,32560,36848,30712,35444,33044,37178,35792,19586
32086,34191,33090,33122,32632,36986,30930,35464,32880,37000,35840,19694
31856,34231,33190,33138,32632,36986,30930,35464,32880,37000,35840,19694
31828,34519,33199,33031,32632,36986,30930,35464,32880,37000,35840,19694
32057,33839,33077,33244,32632,36986,30930,35464,32880,37000,35840,19694
32118,33815,32863,33399,32632,36986,30930,35464,32880,37000,35840,19694
32044,33360,32582,33467,32632,36986,30930,35464,32880,37000,35840,19694
32067,31943,32528,33543,32632,36986,30930,35464,32880,37000,35840,19694
32060,32954,32629,33471,32632,36986,30930,35464,32880,37000,35840,19694
32316,33305,32669,33315,32632,36986,30930,35464,32880,37000,35840,19694
32710,32295,32679,33233,32632,36986,30930,35464,32880,37000,35840,19694
33023,32575,32880,33525,32584,37128,31124,35642,32736,36804,35936,19878
33447,32612,32978,33512,32584,37128,31124,35642,32736,36804,35936,19878
33776,31717,32831,33413,32584,37128,31124,35642,32736,36804,35936,19878
33870,32223,32569,33267,32584,37128,31124,35642,32736,36804,35936,19878
33543,31847,32461,33335,32584,37128,31124,35642,32736,36804,35936,19878
33260,30717,32464,33085,32584,37128,31124,35642,32736,36804,35936,19878
32724,30655,32467,32966,32584,37128,31124,35642,32736,36804,35936,19878
32518,30806,32641,33146,32584,37128,31124,35642,32736,36804,35936,19878
32854,31591,32723,33287,32584,37128,31124,35642,32736,36804,35936,19878
33438,30614,32842,33315,32584,37128,31124,35642,32736,36804,35936,19878
33268,31098,32925,33087,32701,37120,31248,35484,32712,36666,36016,20038
33253,30776,33077,32952,32701,37120,31248,35484,32712,36666,36016,20038
32807,30557,33157,32847,32701,37120,31248,35484,32712,36666,36016,20038
31997,30359,32751,32909,32701,37120,31248,35484,32712,36666,36016,20038
31795,29821,32655,32926,32701,37120,31248,35484,32712,36666,36016,20038
32125,30628,32759,32877,32701,37120,31248,35484,32712,36666,36016,20038
32277,30467,32789,32782,32701,37120,31248,35484,32712,36666,36016,20038
32380,29946,32687,32886,32701,37120,31248,35484,32712,36666,36016,20038
32652,30359,32507,32863,32701,37120,31248,35484,32712,36666,36016,20038
33088,29996,32445,32843,32701,37120,31248,35484,32712,36666,36016,20038
33310,30702,32547,33138,32696,37168,31300,35538,32780,36656,35876,20092
33216,30782,32543,33423,32696,37168,31300,35538,32780,36656,35876,20092
33055,31495,32786,33575,32696,37168,31300,35538,32780,36656,35876,20092
33378,32622,32955,33523,32696,37168,31300,35538,32780,36656,35876,20092
33481,32791,32860,33471,32696,37168,31300,35538,32780,36656,35876,20092
32977,33730,32605,33123,32696,37168,31300,35538,32780,36656,35876,20092
32570,33359,32530,33068,32696,37168,31300,35538,32780,36656,35876,20092
32284,32775,32575,33110,32696,37168,31300,35538,32780,36656,35876,20092
32132,32937,32479,32775,32696,37168,31300,35538,32780,36656,35876,20092
31930,34143,32409,32774,32696,37168,31300,35538,32780,36656,35876,20092
31929,32511,32499,32667,32825,37168,31310,35520,32896,36748,35852,20248
32008,32431,32707,32575,32825,37168,31310,35520,32896,36748,35852,20248
32375,31515,32871,32734,32825,37168,31310,35520,32896,36748,35852,20248
32739,31071,33119,32799,32825,37168,31310,35520,32896,36748,35852,20248
33277,31059,33223,32827,32825,37168,31310,35520,32896,36748,35852,20248
33510,31751,33113,32921,32825,37168,31310,35520,32896,36748,35852,20248
33799,30293,32946,33041,32825,37168,31310,35520,32896,36748,35852,20248
33999,30600,32930,33076,32825,37168,31310,35520,32896,36748,35852,20248
33912,31511,33201,32890,32825,37168,31310,35520,32896,36748,35852,20248
33371,32134,33243,33375,32825,37168,31310,35520,32896,36748,35852,20248
32924,32316,33145,33869,32754,37152,31327,35726,32881,36920,35856,20378
33001,31867,33231,33917,32754,37152,31327,35726,32881,36920,35856,20378
32864,32586,33421,33783,32754,37152,31327,35726,32881,36920,35856,20378
32530,31961,33405,33479,32754,37152,31327,35726,32881,36920,35856,20378
32119,32293,33010,33343,32754,37152,31327,35726,32881,36920,35856,20378
31772,32537,32903,33236,32754,37152,31327,35726,32881,36920,35856,20378
31619,33852,32841,33141,32754,37152,31327,35726,32881,36920,35856,20378
31399,33889,32706,32890,32754,37152,31327,35726,32881,36920,35856,20378
31019,34259,32679,32885,32754,37152,31327,35726,32881,36920,35856,20378
32191,34771,32606,32839,32754,37152,31327,35726,32881,36920,35856,20378
33241,34399,32459,32866,32880,37277,31546,35728,32877,36972,35968,20578
33567,34543,32481,32871,32880,37277,31546,35728,32877,36972,35968,20578
33408,34781,32373,32543,32880,37277,31546,35728,32877,36972,35968,20578
33242,34729,32167,32628,32880,37277,31546,35728,32877,36972,35968,20578
32953,34007,32295,33068,32880,37277,31546,35728,32877,36972,35968,20578
32792,33415,32514,33287,32880,37277,31546,35728,32877,36972,35968,20578
32816,33313,32705,33299,32880,37277,31546,35728,32877,36972,35968,20578
33580,33047,32865,33647,32880,37277,31546,35728,32877,36972,35968,20578
33537,33079,32829,33519,32880,37277,31546,35728,32877,36972,35968,20578
33283,33691,32615,33339,32880,37277,31546,35728,32877,36972,35968,20578
33132,32415,32687,33277,32993,37392,31584,35484,32864,36880,36112,20634
32894,32903,32598,33153,32993,37392,31584,35484,32864,36880,36112,20634
32643,32962,32807,33014,32993,37392,31584,35484,32864,36880,36112,20634
32390,33071,32963,32815,32993,37392,31584,35484,32864,36880,36112,20634
32134,33340,32774,33025,32993,37392,31584,35484,32864,36880,36112,20634
32473,33153,32903,32725,32993,37392,31584,35484,32864,36880,36112,20634
32346,34011,33042,32606,32993,37392,31584,35484,32864,36880,36112,20634
31695,34755,33193,32802,32993,37392,31584,35484,32864,36880,36112,20634
31470,34739,32946,32765,32993,37392,31584,35484,32864,36880,36112,20634
31529,34631,32621,32877,32993,37392,31584,35484,32864,36880,36112,20634
32050,35055,32425,32763,33065,37512,31694,35561,32909,36856,35938,20808
32269,34743,32187,32675,33065,37512,31694,35561,32909,36856,35938,20808
32445,34482,32263,32719,33065,37512,31694,35561,32909,36856,35938,20808
32746,34043,32591,32775,33065,37512,31694,35561,32909,36856,35938,20808
33002,34247,32882,32907,33065,37512,31694,35561,32909,36856,35938,20808
33158,34679,32990,32912,33065,37512,31694,35561,32909,36856,35938,20808
33266,34731,32915,33219,33065,37512,31694,35561,32909,36856,35938,20808
33381,34807,32994,33599,33065,37512,31694,35561,32909,36856,35938,20808
33280,34791,33077,34050,33065,37512,31694,35561,32909,36856,35938,20808
33327,34783,33014,33811,33065,37512,31694,35561,32909,36856,35938,20808
33210,35479,33042,33671,33196,37400,31802,35670,32942,36844,35896,20973
33092,34567,33356,33323,33196,37400,31802,35670,32942,36844,35896,20973
33278,34911,33287,33167,33196,37400,31802,35670,32942,36844,35896,20973
33178,35297,32642,33287,33196,37400,31802,35670,32942,36844,35896,20973
32999,34559,31881,33179,33196,37400,31802,35670,32942,36844,35896,20973
32555,34055,31872,33319,33196,37400,31802,35670,32942,36844,35896,20973
32284,34119,32157,33183,33196,37400,31802,35670,32942,36844,35896,20973
32325,33781,32263,33214,33196,37400,31802,35670,32942,36844,35896,20973
32011,32548,32615,33233,33196,37400,31802,35670,32942,36844,35896,20973
31510,31853,32979,33351,33196,37400,31802,35670,32942,36844,35896,20973
31483,31433,33091,33351,33296,37510,31812,35664,32865,36947,35736,21152
32162,30402,33054,33346,33296,37510,31812,35664,32865,36947,35736,21152
33034,29673,33131,33479,33296,37510,31812,35664,32865,36947,35736,21152
33612,29572,33126,33263,33296,37510,31812,35664,32865,36947,35736,21152
33478,30461,32923,33012,33296,37510,31812,35664,32865,36947,35736,21152
33311,30115,32695,33158,33296,37510,31812,35664,32865,36947,35736,21152
33225,29693,32685,33305,33296,37510,31812,35664,32865,36947,35736,21152
33230,30418,32720,33222,33296,37510,31812,35664,32865,36947,35736,21152
33312,31346,32935,33005,33296,37510,31812,35664,32865,36947,35736,21152
33447,31229,33155,33287,33296,37510,31812,35664,32865,36947,35736,21152
32813,30357,33197,33643,33428,37508,31788,35600,32836,37072,35656,21372
31938,30575,32914,33855,33428,37508,31788,35600,32836,37072,35656,21372
31833,31679,32764,33811,33428,37508,31788,35600,32836,37072,35656,21372
32157,32253,32692,33349,33428,37508,31788,35600,32836,37072,35656,21372
32615,32768,32703,32995,33428,37508,31788,35600,32836,37072,35656,21372
32585,32492,32878,32963,33428,37508,31788,35600,32836,37072,35656,21372
32691,32770,32830,33299,33428,37508,31788,35600,32836,37072,35656,21372
33033,33470,32381,33437,33428,37508,31788,35600,32836,37072,35656,21372
33378,33365,31987,33431,33428,37508,31788,35600,32836,37072,35656,21372
33381,33324,31824,33230,33428,37508,31788,35600,32836,37072,35656,21372
33240,33166,32051,32755,33400,37384,31848,35534,32868,37088,35778,21510
33434,33826,32525,32633,33400,37384,31848,35534,32868,37088,35778,21510
33197,33102,32750,32755,33400,37384,31848,35534,32868,37088,35778,21510
32927,32530,32968,33094,33400,37384,31848,35534,32868,37088,35778,21510
32860,32614,33213,33069,33400,37384,31848,35534,32868,37088,35778,21510
32678,32756,33154,33317,33400,37384,31848,35534,32868,37088,35778,21510
32546,32634,32962,33223,33400,37384,31848,35534,32868,37088,35778,21510
32309,33014,32891,33060,33400,37384,31848,35534,32868,37088,35778,21510
32139,33563,33067,33055,33400,37384,31848,35534,32868,37088,35778,21510
32395,34279,33189,33148,33400,37384,31848,35534,32868,37088,35778,21510
32578,34157,33351,33229,33621,37372,32074,35740,32908,37032,35760,21714
32233,33949,33299,33174,33621,37372,32074,35740,32908,37032,35760,21714
32144,38621,33054,33033,33621,37372,32074,35740,32908,37032,35760,21714
32336,39703,33061,33078,33621,37372,32074,35740,32908,37032,35760,21714
33577,38659,33130,33171,33621,37372,32074,35740,32908,37032,35760,21714
33829,36192,33182,33150,33621,37372,32074,35740,32908,37032,35760,21714
33041,39397,33019,33189,33621,37372,32074,35740,32908,37032,35760,21714
32809,41220,33187,32919,33621,37372,32074,35740,32908,37032,35760,21714
33118,37767,32647,32917,33621,37372,32074,35740,32908,37032,35760,21714
32813,38744,30913,32815,33621,37372,32074,35740,32908,37032,35760,21714
32325,39511,30693,32761,33746,37421,32144,35714,32968,36794,35896,21863
32138,39367,31795,32741,33746,37421,32144,35714,32968,36794,35896,21863
32167,41615,32581,32871,33746,37421,32144,35714,32968,36794,35896,21863
32168,45039,32826,33188,33746,37421,32144,35714,32968,36794,35896,21863
32075,48109,32950,33488,33746,37421,32144,35714,32968,36794,35896,21863
31886,44795,33119,33684,33746,37421,32144,35714,32968,36794,35896,21863
32357,39655,33366,33859,33746,37421,32144,35714,32968,36794,35896,21863
32444,42118,33529,33587,33746,37421,32144,35714,32968,36794,35896,21863
32402,43978,33474,33245,33746,37421,32144,35714,32968,36794,35896,21863
32327,42975,33249,33114,33746,37421,32144,35714,32968,36794,35896,21863
32210,41743,33087,33309,33840,37466,32120,35520,33080,36576,35940,21968
32740,40492,32903,33249,33840,37466,32120,35520,33080,36576,35940,21968
32973,39671,32753,33186,33840,37466,32120,35520,33080,36576,35940,21968
33122,38523,32523,33079,33840,37466,32120,35520,33080,36576,35940,21968
33136,38030,32131,33260,33840,37466,32120,35520,33080,36576,35940,21968
32937,37211,32231,33287,33840,37466,32120,35520,33080,36576,35940,21968
32691,36837,32385,33367,33840,37466,32120,35520,33080,36576,35940,21968
32745,36091,32775,33562,33840,37466,32120,35520,33080,36576,35940,21968
32960,35871,33130,34132,33840,37466,32120,35520,33080,36576,35940,21968
33242,35288,32959,33510,33840,37466,32120,35520,33080,36576,35940,21968
33298,33910,32962,32595,34037,37288,32036,35716,33281,36761,35601,22144
33725,33335,33156,32479,34037,37288,32036,35716,33281,36761,35601,22144
34182,25728,32966,32737,34037,37288,32036,35716,33281,36761,35601,22144
34439,22007,32687,33037,34037,37288,32036,35716,33281,36761,35601,22144
33663,22509,32429,32998,34037,37288,32036,35716,33281,36761,35601,22144
33148,24681,32357,33140,34037,37288,32036,35716,33281,36761,35601,22144
32805,21841,31986,33038,34037,37288,32036,35716,33281,36761,35601,22144
32493,24395,32045,33027,34037,37288,32036,35716,33281,36761,35601,22144
32548,23517,32384,33134,34037,37288,32036,35716,33281,36761,35601,22144
32325,18092,32847,33153,34037,37288,32036,35716,33281,36761,35601,22144
31991,17031,33021,32969,33916,37288,31994,35482,33388,37010,35408,22348
31606,14685,32852,32690,33916,37288,31994,35482,33388,37010,35408,22348
31600,19,32796,32674,33916,37288,31994,35482,33388,37010,35408,22348
31694,10,33003,33091,33916,37288,31994,35482,33388,37010,35408,22348
31719,3101,33131,33264,33916,37288,31994,35482,33388,37010,35408,22348
32116,7479,32991,33029,33916,37288,31994,35482,33388,37010,35408,22348
32471,10909,33050,32947,33916,37288,31994,35482,33388,37010,35408,22348
32798,14103,33015,32759,33916,37288,31994,35482,33388,37010,35408,22348
33269,16556,33327,32703,33916,37288,31994,35482,33388,37010,35408,22348
33389,22071,33356,32253,33916,37288,31994,35482,33388,37010,35408,22348
33255,30203,33183,32575,33924,37450,31978,35484,33348,37184,35460,22516
33143,30527,33188,33672,33924,37450,31978,35484,33348,37184,35460,22516
33253,30881,33165,34517,33924,37450,31978,35484,33348,37184,35460,22516
33454,33013,32946,33607,33924,37450,31978,35484,33348,37184,35460,22516
33168,36212,32959,32736,33924,37450,31978,35484,33348,37184,35460,22516
32754,40609,32759,32517,33924,37450,31978,35484,33348,37184,35460,22516
32476,41125,32263,32634,33924,37450,31978,35484,33348,37184,35460,22516
32560,40685,31830,32842,33924,37450,31978,35484,33348,37184,35460,22516
32487,39023,31959,33065,33924,37450,31978,35484,33348,37184,35460,22516
32074,39938,32391,33206,33924,37450,31978,35484,33348,37184,35460,22516
31975,39047,32739,33164,34112,37428,32233,35696,33216,37140,35492,22709
31853,36735,32998,33655,34112,37428,32233,35696,33216,37140,35492,22709
32140,34322,32856,33671,34112,37428,32233,35696,33216,37140,35492,22709
32521,33821,32599,33474,34112,37428,32233,35696,33216,37140,35492,22709
32775,34469,32421,33141,34112,37428,32233,35696,33216,37140,35492,22709
33055,36127,32519,32903,34112,37428,32233,35696,33216,37140,35492,22709
32882,36509,32619,32925,34112,37428,32233,35696,33216,37140,35492,22709
32967,36086,32837,32995,34112,37428,32233,35696,33216,37140,35492,22709
32674,35084,33005,33045,34112,37428,32233,35696,33216,37140,35492,22709
32613,33169,33111,32956,34112,37428,32233,35696,33216,37140,35492,22709
32914,31375,33224,32854,34056,37460,32160,35656,33200,36960,35476,22822
33220,31148,33318,32898,34056,37460,32160,35656,33200,36960,35476,22822
33396,31719,33077,32969,34056,37460,32160,35656,33200,36960,35476,22822
33276,31983,32957,32935,34056,37460,32160,35656,33200,36960,35476,22822
32983,31961,32931,32893,34056,37460,32160,35656,33200,36960,35476,22822
32948,33129,32957,32887,34056,37460,32160,35656,33200,36960,35476,22822
32739,33777,32655,32856,34056,37460,32160,35656,33200,36960,35476,22822
32619,34139,32182,32990,34056,37460,32160,35656,33200,36960,35476,22822
32681,33531,32357,32867,34056,37460,32160,35656,33200,36960,35476,22822
32712,34870,32999,32775,34056,37460,32160,35656,33200,36960,35476,22822
32768,33495,33435,33031,34136,37420,32128,35442,33266,36802,35292,22986
32789,31511,33434,32839,34136,37420,32128,35442,33266,36802,35292,22986
32742,29841,33360,32645,34136,37420,32128,35442,33266,36802,35292,22986
32907,27933,33250,32767,34136,37420,32128,35442,33266,36802,35292,22986
32880,26693,33287,33004,34136,37420,32128,35442,33266,36802,35292,22986
32888,25627,32975,33019,34136,37420,32128,35442,33266,36802,35292,22986
33003,25803,31811,33341,34136,37420,32128,35442,33266,36802,35292,22986
32873,26809,30931,32895,34136,37420,32128,35442,33266,36802,35292,22986
32753,25962,31325,32738,34136,37420,32128,35442,33266,36802,35292,22986
32701,26502,32172,32401,34136,37420,32128,35442,33266,36802,35292,22986
32598,28565,32642,32473,34178,37208,31974,35660,33344,36800,35112,23168
32423,30023,32662,32407,34178,37208,31974,35660,33344,36800,35112,23168
32253,28503,32621,32479,34178,37208,31974,35660,33344,36800,35112,23168
32358,28517,32783,32819,34178,37208,31974,35660,33344,36800,35112,23168
32522,29130,33071,33214,34178,37208,31974,35660,33344,36800,35112,23168
32451,31890,33058,33423,34178,37208,31974,35660,33344,36800,35112,23168
32239,31342,33017,33184,34178,37208,31974,35660,33344,36800,35112,23168
32371,33539,33094,33279,34178,37208,31974,35660,33344,36800,35112,23168
32454,30403,33100,33143,34178,37208,31974,35660,33344,36800,35112,23168
32430,29399,32931,33198,34178,37208,31974,35660,33344,36800,35112,23168
32498,29210,33006,33468,34104,37112,32062,35608,33388,36954,34930,23435
32617,28753,33034,33630,34104,37112,32062,35608,33388,36954,34930,23435
32616,31132,33026,33114,34104,37112,32062,35608,33388,36954,34930,23435
33005,34623,33133,33163,34104,37112,32062,35608,33388,36954,34930,23435
33456,35289,33295,33186,34104,37112,32062,35608,33388,36954,34930,23435
33868,37549,33451,33591,34104,37112,32062,35608,33388,36954,34930,23435
33767,36855,33351,34381,34104,37112,32062,35608,33388,36954,34930,23435
33678,39410,33199,34448,34104,37112,32062,35608,33388,36954,34930,23435
33804,41567,33031,33563,34104,37112,32062,35608,33388,36954,34930,23435
33359,41342,32590,33059,34104,37112,32062,35608,33388,36954,34930,23435
32871,41472,32311,33403,33956,37170,31994,35408,33338,37116,34784,23537
32703,42461,32087,33488,33956,37170,31994,35408,33338,37116,34784,23537
32549,44974,32165,33305,33956,37170,31994,35408,33338,37116,34784,23537
32299,42953,32590,33242,33956,37170,31994,35408,33338,37116,34784,23537
32060,49200,32674,33001,33956,37170,31994,35408,33338,37116,34784,23537
31938,54763,32591,32988,33956,37170,31994,35408,33338,37116,34784,23537
32033,51061,32651,32871,33956,37170,31994,35408,33338,37116,34784,23537
32463,48263,32615,32967,33956,37170,31994,35408,33338,37116,34784,23537
32608,43015,32871,33111,33956,37170,31994,35408,33338,37116,34784,23537
32710,43975,32967,33191,33956,37170,31994,35408,33338,37116,34784,23537
33064,43950,32638,33479,34137,37104,32338,35360,33209,37080,34840,23694
33281,47291,32623,33287,34137,37104,32338,35360,33209,37080,34840,23694
33150,48775,32763,33091,34137,37104,32338,35360,33209,37080,34840,23694
33047,48729,33001,33022,34137,37104,32338,35360,33209,37080,34840,23694
33036,47411,33207,33060,34137,37104,32338,35360,33209,37080,34840,23694
32676,46271,33213,33135,34137,37104,32338,35360,33209,37080,34840,23694
31988,44551,32811,33039,34137,37104,32338,35360,33209,37080,34840,23694
32026,43136,32547,32731,34137,37104,32338,35360,33209,37080,34840,23694
32272,41683,32769,32799,34137,37104,32338,35360,33209,37080,34840,23694
32616,40647,33159,32840,34137,37104,32338,35360,33209,37080,34840,23694
32926,39549,33228,32681,34156,37152,32244,35408,33280,36865,34964,23800
32968,38739,33018,32871,34156,37152,32244,35408,33280,36865,34964,23800
33064,38003,32635,32751,34156,37152,32244,35408,33280,36865,34964,23800
32960,37350,32691,32714,34156,37152,32244,35408,33280,36865,34964,23800
32933,36811,32770,33363,34156,37152,32244,35408,33280,36865,34964,23800
33193,36133,32519,33759,34156,37152,32244,35408,33280,36865,34964,23800
33122,35905,32251,33195,34156,37152,32244,35408,33280,36865,34964,23800
32552,24382,31950,33562,34156,37152,32244,35408,33280,36865,34964,23800
32160,5330,32162,33220,34156,37152,32244,35408,33280,36865,34964,23800
32134,23,32782,33183,34156,37152,32244,35408,33280,36865,34964,23800
32300,7,33063,33605,34076,36952,32193,35520,33416,36752,34964,23910
32537,10,32902,33036,34076,36952,32193,35520,33416,36752,34964,23910
32600,10,32803,32977,34076,36952,32193,35520,33416,36752,34964,23910
32666,4737,32487,32887,34076,36952,32193,35520,33416,36752,34964,23910
33073,8900,32155,32974,34076,36952,32193,35520,33416,36752,34964,23910
32788,12066,32629,33244,34076,36952,32193,35520,33416,36752,34964,23910
32648,15035,32940,33210,34076,36952,32193,35520,33416,36752,34964,23910
32628,17277,32888,32985,34076,36952,32193,35520,33416,36752,34964,23910
32728,19407,32975,33315,34076,36952,32193,35520,33416,36752,34964,23910
32720,21234,33140,33465,34076,36952,32193,35520,33416,36752,34964,23910
32813,22663,33251,33205,34026,36988,32228,35544,33396,36872,34544,24144
33104,24051,33143,33495,34026,36988,32228,35544,33396,36872,34544,24144
33334,25107,32895,33101,34026,36988,32228,35544,33396,36872,34544,24144
33248,26143,32920,33171,34026,36988,32228,35544,33396,36872,34544,24144
33377,26981,33045,33131,34026,36988,32228,35544,33396,36872,34544,24144
33315,27745,32891,32979,34026,36988,32228,35544,33396,36872,34544,24144
33384,28387,32671,32797,34026,36988,32228,35544,33396,36872,34544,24144
33308,28999,32647,32907,34026,36988,32228,35544,33396,36872,34544,24144
33292,29407,32979,33152,34026,36988,32228,35544,33396,36872,34544,24144
33218,29973,33284,33039,34026,36988,32228,35544,33396,36872,34544,24144
33316,30167,33337,33233,33864,36996,32224,35504,33216,36964,34372,24292
33076,30656,33303,33054,33864,36996,32224,35504,33216,36964,34372,24292
32730,30792,33303,33309,33864,36996,32224,35504,33216,36964,34372,24292
32474,31159,33133,34045,33864,36996,32224,35504,33216,36964,34372,24292
32289,42857,33035,32969,33864,36996,32224,35504,33216,36964,34372,24292
32423,55258,32584,32420,33864,36996,32224,35504,33216,36964,34372,24292
32565,62663,31538,32806,33864,36996,32224,35504,33216,36964,34372,24292
32519,65535,31173,32666,33864,36996,32224,35504,33216,36964,34372,24292
32408,65516,32006,33110,33864,36996,32224,35504,33216,36964,34372,24292
32342,65530,32420,33235,33864,36996,32224,35504,33216,36964,34372,24292
32432,64491,32503,33251,33888,37012,32372,35522,33021,37088,34352,24412
32452,60207,32541,33196,33888,37012,32372,35522,33021,37088,34352,24412
32502,56409,32813,33206,33888,37012,32372,35522,33021,37088,34352,24412
32704,53255,32959,32883,33888,37012,32372,35522,33021,37088,34352,24412
32963,50518,32915,32705,33888,37012,32372,35522,33021,37088,34352,24412
32864,48206,32949,32818,33888,37012,32372,35522,33021,37088,34352,24412
33050,46263,33011,32889,33888,37012,32372,35522,33021,37088,34352,24412
33070,44502,33230,32847,33888,37012,32372,35522,33021,37088,34352,24412
32684,43037,33313,32982,33888,37012,32372,35522,33021,37088,34352,24412
32473,41718,33211,33031,33888,37012,32372,35522,33021,37088,34352,24412
32584,40653,33243,33129,33804,36994,32468,35260,32928,37072,34372,24593
32588,39395,33181,33158,33804,36994,32468,35260,32928,37072,34372,24593
32385,38811,33042,33083,33804,36994,32468,35260,32928,37072,34372,24593
32492,37995,32951,33055,33804,36994,32468,35260,32928,37072,34372,24593
32512,37183,32319,32955,33804,36994,32468,35260,32928,37072,34372,24593
32720,36821,32089,33033,33804,36994,32468,35260,32928,37072,34372,24593
33078,36183,32022,33233,33804,36994,32468,35260,32928,37072,34372,24593
33076,35897,32333,33087,33804,36994,32468,35260,32928,37072,34372,24593
32844,35487,32867,33163,33804,36994,32468,35260,32928,37072,34372,24593
32617,35058,32961,33333,33804,36994,32468,35260,32928,37072,34372,24593
32612,34955,32892,33319,33954,37114,32518,35288,32904,37020,34436,24676
32567,34467,33171,33396,33954,37114,32518,35288,32904,37020,34436,24676
32028,34468,33083,33671,33954,37114,32518,35288,32904,37020,34436,24676
32018,34113,32971,33547,33954,37114,32518,35288,32904,37020,34436,24676
32369,34105,33019,32745,33954,37114,32518,35288,32904,37020,34436,24676
32623,33917,33205,32379,33954,37114,32518,35288,32904,37020,34436,24676
32937,33618,33279,33055,33954,37114,32518,35288,32904,37020,34436,24676
33201,33767,33273,33405,33954,37114,32518,35288,32904,37020,34436,24676
33417,33359,32801,33583,33954,37114,32518,35288,32904,37020,34436,24676
33438,25895,32660,33785,33954,37114,32518,35288,32904,37020,34436,24676
33442,21541,32569,33313,34048,37084,32453,35440,33008,36941,34500,24772
33428,18459,32707,33398,34048,37084,32453,35440,33008,36941,34500,24772
33278,14128,32741,33189,34048,37084,32453,35440,33008,36941,34500,24772
33126,11279,32658,33009,34048,37084,32453,35440,33008,36941,34500,24772
32791,8057,32899,33084,34048,37084,32453,35440,33008,36941,34500,24772
32554,5376,32699,33173,34048,37084,32453,35440,33008,36941,34500,24772
32519,4424,32492,33321,34048,37084,32453,35440,33008,36941,34500,24772
32473,6559,32323,33391,34048,37084,32453,35440,33008,36941,34500,24772
32535,8406,32469,33171,34048,37084,32453,35440,33008,36941,34500,24772
32649,10014,32718,33375,34048,37084,32453,35440,33008,36941,34500,24772
32775,11413,32556,33287,34176,37154,32368,35199,33196,36908,34460,24940
32933,13935,32389,33359,34176,37154,32368,35199,33196,36908,34460,24940
32979,15085,32614,33232,34176,37154,32368,35199,33196,36908,34460,24940
33009,18575,32677,33030,34176,37154,32368,35199,33196,36908,34460,24940
32906,22115,32614,33407,34176,37154,32368,35199,33196,36908,34460,24940
32972,23855,32770,33423,34176,37154,32368,35199,33196,36908,34460,24940
32905,25190,32755,33262,34176,37154,32368,35199,33196,36908,34460,24940
32969,25786,32866,32621,34176,37154,32368,35199,33196,36908,34460,24940
32847,26442,32998,32909,34176,37154,32368,35199,33196,36908,34460,24940
32601,26181,33051,33365,34176,37154,32368,35199,33196,36908,34460,24940
32571,26503,33047,33711,34320,37080,32496,35220,33328,36925,34394,24960
32544,28807,33052,33622,34320,37080,32496,35220,33328,36925,34394,24960
32586,30307,32987,33823,34320,37080,32496,35220,33328,36925,34394,24960
32655,31378,32883,33460,34320,37080,32496,35220,33328,36925,34394,24960
32558,34043,32817,32453,34320,37080,32496,35220,33328,36925,34394,24960
32574,35591,32805,32580,34320,37080,32496,35220,33328,36925,34394,24960
32701,37803,32717,33483,34320,37080,32496,35220,33328,36925,34394,24960
32631,39003,32909,33475,34320,37080,32496,35220,33328,36925,34394,24960
32732,41425,32935,33249,34320,37080,32496,35220,33328,36925,34394,24960
32863,43124,32953,33277,34320,37080,32496,35220,33328,36925,34394,24960
32927,44289,32991,33382,34284,36934,32664,35368,33352,36839,34524,25072
32968,45980,32839,33181,34284,36934,32664,35368,33352,36839,34524,25072
32953,45479,32709,32986,34284,36934,32664,35368,33352,36839,34524,25072
32978,44983,32901,33122,34284,36934,32664,35368,33352,36839,34524,25072
32948,44539,32860,33046,34284,36934,32664,35368,33352,36839,34524,25072
32847,43341,32902,33087,34284,36934,32664,35368,33352,36839,34524,25072
32840,42459,32814,33335,34284,36934,32664,35368,33352,36839,34524,25072
32590,40639,32790,33255,34284,36934,32664,35368,33352,36839,34524,25072
32551,39063,32767,33134,34284,36934,32664,35368,33352,36839,34524,25072
32499,37782,32799,33179,34284,36934,32664,35368,33352,36839,34524,25072
32526,35422,32903,32631,34332,36892,32722,35248,33346,36916,34540,25236
32583,33854,32799,32690,34332,36892,32722,35248,33346,36916,34540,25236
32439,30958,32655,33006,34332,36892,32722,35248,33346,36916,34540,25236
32263,28703,32676,32960,34332,36892,32722,35248,33346,36916,34540,25236
32408,27189,32700,33267,34332,36892,32722,35248,33346,36916,34540,25236
32630,26212,32815,33180,34332,36892,32722,35248,33346,36916,34540,25236
32892,25841,32615,32939,34332,36892,32722,35248,33346,36916,34540,25236
32990,25689,32187,32834,34332,36892,32722,35248,33346,36916,34540,25236
33122,24809,32271,32985,34332,36892,32722,35248,33346,36916,34540,25236
33204,23215,32621,33872,34332,36892,32722,35248,33346,36916,34540,25236
33416,22375,32727,33302,34400,36904,32672,35349,33330,36944,34620,25208
33414,23403,32794,33123,34400,36904,32672,35349,33330,36944,34620,25208
33179,24607,32989,33277,34400,36904,32672,35349,33330,36944,34620,25208
33127,26786,32975,33166,34400,36904,32672,35349,33330,36944,34620,25208
33024,30239,33015,33423,34400,36904,32672,35349,33330,36944,34620,25208
32754,32679,32981,33458,34400,36904,32672,35349,33330,36944,34620,25208
32564,36235,32920,33012,34400,36904,32672,35349,33330,36944,34620,25208
32415,38797,32939,33019,34400,36904,32672,35349,33330,36944,34620,25208
32223,39557,32926,33175,34400,36904,32672,35349,33330,36944,34620,25208
32031,40455,32874,33469,34400,36904,32672,35349,33330,36944,34620,25208
32164,41031,32642,33491,34528,36984,32568,35136,33300,36944,34684,25369
32342,40291,32881,33142,34528,36984,32568,35136,33300,36944,34684,25369
32357,40630,32929,32801,34528,36984,32568,35136,33300,36944,34684,25369
32125,42021,32849,32413,34528,36984,32568,35136,33300,36944,34684,25369
32211,43433,32862,32751,34528,36984,32568,35136,33300,36944,34684,25369
32648,43115,32841,33650,34528,36984,32568,35136,33300,36944,34684,25369
32882,41166,32339,33401,34528,36984,32568,35136,33300,36944,34684,25369
32944,39619,32379,32765,34528,36984,32568,35136,33300,36944,34684,25369
33058,37961,32737,32847,34528,36984,32568,35136,33300,36944,34684,25369
33244,38487,33078,32786,34528,36984,32568,35136,33300,36944,34684,25369
33316,38945,32941,33396,34616,37072,32628,35338,33262,37108,34492,25450
33426,40231,32710,33692,34616,37072,32628,35338,33262,37108,34492,25450
33253,40797,32629,33478,34616,37072,32628,35338,33262,37108,34492,25450
32994,40621,32625,33347,34616,37072,32628,35338,33262,37108,34492,25450
32887,39398,32751,33269,34616,37072,32628,35338,33262,37108,34492,25450
32670,39872,32881,33348,34616,37072,32628,35338,33262,37108,34492,25450
32572,40708,32860,33351,34616,37072,32628,35338,33262,37108,34492,25450
32686,42233,32899,32563,34616,37072,32628,35338,33262,37108,34492,25450
32754,41961,32903,32151,34616,37072,32628,35338,33262,37108,34492,25450
32834,40134,32935,33095,34616,37072,32628,35338,33262,37108,34492,25450
32976,37333,32992,33744,34606,37296,32760,35320,33244,37236,34524,25458
32959,35825,32946,34371,34606,37296,32760,35320,33244,37236,34524,25458
32988,35011,32873,33564,34606,37296,32760,35320,33244,37236,34524,25458
32898,34959,32810,32911,34606,37296,32760,35320,33244,37236,34524,25458
32796,34378,32829,32501,34606,37296,32760,35320,33244,37236,34524,25458
32752,33023,32775,32658,34606,37296,32760,35320,33244,37236,34524,25458
32697,31545,32759,32719,34606,37296,32760,35320,33244,37236,34524,25458
32818,29409,32825,33102,34606,37296,32760,35320,33244,37236,34524,25458
32873,29519,32822,33410,34606,37296,32760,35320,33244,37236,34524,25458
32960,29135,32826,33317,34606,37296,32760,35320,33244,37236,34524,25458
32840,27110,32943,33333,34594,37296,32744,35298,33256,37208,34737,25568
32753,24233,32743,33148,34594,37296,32744,35298,33256,37208,34737,25568
32613,20996,32940,32615,34594,37296,32744,35298,33256,37208,34737,25568
32612,18841,33071,32754,34594,37296,32744,35298,33256,37208,34737,25568
32672,18127,32977,33175,34594,37296,32744,35298,33256,37208,34737,25568
32586,18663,32717,33370,34594,37296,32744,35298,33256,37208,34737,25568
32363,20381,32813,33357,34594,37296,32744,35298,33256,37208,34737,25568
32362,22757,32873,33188,34594,37296,32744,35298,33256,37208,34737,25568
32406,25211,32655,32870,34594,37296,32744,35298,33256,37208,34737,25568
32438,28370,32687,32496,34594,37296,32744,35298,33256,37208,34737,25568
32374,31487,32925,33026,34510,37352,32768,35116,33288,37197,34666,25562
32283,32671,32947,33557,34510,37352,32768,35116,33288,37197,34666,25562
32258,32967,32647,33222,34510,37352,32768,35116,33288,37197,34666,25562
32489,31840,32674,32983,34510,37352,32768,35116,33288,37197,34666,25562
32721,31183,32775,32923,34510,37352,32768,35116,33288,37197,34666,25562
32854,31399,32823,33098,34510,37352,32768,35116,33288,37197,34666,25562
33017,32955,32827,33419,34510,37352,32768,35116,33288,37197,34666,25562
33158,34773,32918,33429,34510,37352,32768,35116,33288,37197,34666,25562
33458,36527,32715,33403,34510,37352,32768,35116,33288,37197,34666,25562
33395,36545,32711,32951,34510,37352,32768,35116,33288,37197,34666,25562
33307,37319,32795,32737,34492,37232,32876,35312,33290,37084,34626,25656
33183,37153,32835,33135,34492,37232,32876,35312,33290,37084,34626,25656
32943,36599,32810,33479,34492,37232,32876,35312,33290,37084,34626,25656
32714,36410,32773,33717,34492,37232,32876,35312,33290,37084,34626,25656
32611,35943,32755,33345,34492,37232,32876,35312,33290,37084,34626,25656
32562,35819,32802,33103,34492,37232,32876,35312,33290,37084,34626,25656
32530,35948,32863,33099,34492,37232,32876,35312,33290,37084,34626,25656
32452,36045,32791,33036,34492,37232,32876,35312,33290,37084,34626,25656
32485,36011,32835,32940,34492,37232,32876,35312,33290,37084,34626,25656
32802,35413,32774,33075,34492,37232,32876,35312,33290,37084,34626,25656
32872,35538,32694,33543,34336,37136,32976,35256,33240,37081,34528,25716
32894,34101,32713,33757,34336,37136,32976,35256,33240,37081,34528,25716
32949,33564,32795,33565,34336,37136,32976,35256,33240,37081,34528,25716
32890,32189,32825,32684,34336,37136,32976,35256,33240,37081,34528,25716
32837,32029,32775,32871,34336,37136,32976,35256,33240,37081,34528,25716
32804,30971,32790,32815,34336,37136,32976,35256,33240,37081,34528,25716
32800,30707,32854,32227,34336,37136,32976,35256,33240,37081,34528,25716
32783,31458,33004,32499,34336,37136,32976,35256,33240,37081,34528,25716
32760,32754,33012,33124,34336,37136,32976,35256,33240,37081,34528,25716
32804,28389,33145,33035,34336,37136,32976,35256,33240,37081,34528,25716
32775,26017,33192,33204,34272,37184,33136,35280,33188,37098,34448,25816
32763,24311,32671,33381,34272,37184,33136,35280,33188,37098,34448,25816
32772,23887,32486,33411,34272,37184,33136,35280,33188,37098,34448,25816
32723,23951,32455,33295,34272,37184,33136,35280,33188,37098,34448,25816
32582,24163,32445,33494,34272,37184,33136,35280,33188,37098,34448,25816
32612,22791,32296,33247,34272,37184,33136,35280,33188,37098,34448,25816
32685,21735,32211,32911,34272,37184,33136,35280,33188,37098,34448,25816
32733,22326,32326,32802,34272,37184,33136,35280,33188,37098,34448,25816
32786,23378,32363,33210,34272,37184,33136,35280,33188,37098,34448,25816
32638,24199,32515,33659,34272,37184,33136,35280,33188,37098,34448,25816
32589,25087,32859,33117,34274,37170,33156,35280,33066,37104,34520,25828
32560,26463,32831,32724,34274,37170,33156,35280,33066,37104,34520,25828
32708,27213,32886,32821,34274,37170,33156,35280,33066,37104,34520,25828
32923,27577,32773,32786,34274,37170,33156,35280,33066,37104,34520,25828
33188,29191,32677,32991,34274,37170,33156,35280,33066,37104,34520,25828
33154,31553,32735,33452,34274,37170,33156,35280,33066,37104,34520,25828
33034,33438,32701,33430,34274,37170,33156,35280,33066,37104,34520,25828
32977,34404,32719,33956,34274,37170,33156,35280,33066,37104,34520,25828
33309,34219,32753,33767,34274,37170,33156,35280,33066,37104,34520,25828
33236,33769,32723,32915,34274,37170,33156,35280,33066,37104,34520,25828
33066,32943,32702,32518,34386,37262,33056,35060,33044,36952,34544,25848
32842,32278,32723,32849,34386,37262,33056,35060,33044,36952,34544,25848
32700,32398,32835,33299,34386,37262,33056,35060,33044,36952,34544,25848
32684,32850,32847,33317,34386,37262,33056,35060,33044,36952,34544,25848
32567,34631,32839,33231,34386,37262,33056,35060,33044,36952,34544,25848
32653,35414,32767,33194,34386,37262,33056,35060,33044,36952,34544,25848
32548,37337,32739,33285,34386,37262,33056,35060,33044,36952,34544,25848
32578,38933,32791,33379,34386,37262,33056,35060,33044,36952,34544,25848
32582,40467,32890,33390,34386,37262,33056,35060,33044,36952,34544,25848
32534,41597,33079,33385,34386,37262,33056,35060,33044,36952,34544,25848
32564,42390,33134,33260,34529,36984,33142,35272,33065,36929,34424,25954
32623,43108,33057,33175,34529,36984,33142,35272,33065,36929,34424,25954
32602,43330,32884,32997,34529,36984,33142,35272,33065,36929,34424,25954
32498,43891,32820,33007,34529,36984,33142,35272,33065,36929,34424,25954
32604,44453,32568,32983,34529,36984,33142,35272,33065,36929,34424,25954
32629,44802,31896,33013,34529,36984,33142,35272,33065,36929,34424,25954
32638,44309,32162,33046,34529,36984,33142,35272,33065,36929,34424,25954
32601,43523,32698,33151,34529,36984,33142,35272,33065,36929,34424,25954
32664,41956,32831,33387,34529,36984,33142,35272,33065,36929,34424,25954
32722,41223,32941,33459,34529,36984,33142,35272,33065,36929,34424,25954
32735,40370,32939,33072,34504,36896,33136,35128,33148,37058,34416,25988
32717,38175,32855,32965,34504,36896,33136,35128,33148,37058,34416,25988
32697,36627,32747,32959,34504,36896,33136,35128,33148,37058,34416,25988
32658,36299,32784,33061,34504,36896,33136,35128,33148,37058,34416,25988
32669,35655,32687,33211,34504,36896,33136,35128,33148,37058,34416,25988
32622,34491,32821,33026,34504,36896,33136,35128,33148,37058,34416,25988
32682,33679,32903,33287,34504,36896,33136,35128,33148,37058,34416,25988
32662,31575,32951,33573,34504,36896,33136,35128,33148,37058,34416,25988
32562,31169,33138,33159,34504,36896,33136,35128,33148,37058,34416,25988
32645,30989,33194,32930,34504,36896,33136,35128,33148,37058,34416,25988
32540,31547,33314,32951,34486,36920,33112,35260,33176,37168,34580,26093
32580,31047,33341,32403,34486,36920,33112,35260,33176,37168,34580,26093
32589,30794,33178,32415,34486,36920,33112,35260,33176,37168,34580,26093
32625,30215,32649,33215,34486,36920,33112,35260,33176,37168,34580,26093
32641,29796,32623,33813,34486,36920,33112,35260,33176,37168,34580,26093
32626,29554,32613,33710,34486,36920,33112,35260,33176,37168,34580,26093
32647,29324,32730,33319,34486,36920,33112,35260,33176,37168,34580,26093
32654,29559,32731,33229,34486,36920,33112,35260,33176,37168,34580,26093
32774,28943,32891,32939,34486,36920,33112,35260,33176,37168,34580,26093
32801,28703,33074,32447,34486,36920,33112,35260,33176,37168,34580,26093
32903,29523,33081,32866,34498,37120,33048,35094,33160,37296,34696,26104
32975,29018,32875,33095,34498,37120,33048,35094,33160,37296,34696,26104
33002,29613,32730,32895,34498,37120,33048,35094,33160,37296,34696,26104
32961,31232,32623,32927,34498,37120,33048,35094,33160,37296,34696,26104
32970,31739,32572,33105,34498,37120,33048,35094,33160,37296,34696,26104
32945,31691,32683,33133,34498,37120,33048,35094,33160,37296,34696,26104
32724,32018,32647,33467,34498,37120,33048,35094,33160,37296,34696,26104
32564,33105,32428,33074,34498,37120,33048,35094,33160,37296,34696,26104
32690,34231,32528,32805,34498,37120,33048,35094,33160,37296,34696,26104
32871,34335,32641,32835,34498,37120,33048,35094,33160,37296,34696,26104
33010,34512,32737,33157,34576,37408,33104,35218,33114,37440,34696,26072
32985,35288,32955,33679,34576,37408,33104,35218,33114,37440,34696,26072
32965,34159,33007,33573,34576,37408,33104,35218,33114,37440,34696,26072
33120,33923,33031,33523,34576,37408,33104,35218,33114,37440,34696,26072
33319,33593,33018,33240,34576,37408,33104,35218,33114,37440,34696,26072
33263,33858,32933,33103,34576,37408,33104,35218,33114,37440,34696,26072
33205,33922,32933,33098,34576,37408,33104,35218,33114,37440,34696,26072
32981,33676,32901,33191,34576,37408,33104,35218,33114,37440,34696,26072
32822,33509,33034,33247,34576,37408,33104,35218,33114,37440,34696,26072
32696,34357,32935,33229,34576,37408,33104,35218,33114,37440,34696,26072
32560,34751,33043,33375,34669,37516,33204,35224,33116,37440,34826,26061
32522,33911,32917,33268,34669,37516,33204,35224,33116,37440,34826,26061
32485,34179,33007,33243,34669,37516,33204,35224,33116,37440,34826,26061
32576,34722,32876,33373,34669,37516,33204,35224,33116,37440,34826,26061
32786,34951,32935,33526,34669,37516,33204,35224,33116,37440,34826,26061
32908,35389,32758,33410,34669,37516,33204,35224,33116,37440,34826,26061
33098,34587,32677,33474,34669,37516,33204,35224,33116,37440,34826,26061
33150,33821,32759,33287,34669,37516,33204,35224,33116,37440,34826,26061
32893,32747,32803,33298,34669,37516,33204,35224,33116,37440,34826,26061
32791,32947,32695,33075,34669,37516,33204,35224,33116,37440,34826,26061
32676,32983,32720,33037,34760,37386,33344,35048,33252,37274,34876,26208
32678,33122,32683,33181,34760,37386,33344,35048,33252,37274,34876,26208
32623,32499,32803,32902,34760,37386,33344,35048,33252,37274,34876,26208
32665,32341,32799,33382,34760,37386,33344,35048,33252,37274,34876,26208
32711,31279,32903,33188,34760,37386,33344,35048,33252,37274,34876,26208
32726,30946,32859,33443,34760,37386,33344,35048,33252,37274,34876,26208
32732,30555,32807,32919,34760,37386,33344,35048,33252,37274,34876,26208
32728,29819,32645,32863,34760,37386,33344,35048,33252,37274,34876,26208
32763,29403,32655,32747,34760,37386,33344,35048,33252,37274,34876,26208
32719,29943,32836,33419,34760,37386,33344,35048,33252,37274,34876,26208
32814,30065,32771,33065,34805,37208,33320,34980,33396,37156,34824,26134
32839,31048,32746,32751,34805,37208,33320,34980,33396,37156,34824,26134
32772,31567,32687,32775,34805,37208,33320,34980,33396,37156,34824,26134
32816,32030,32791,33044,34805,37208,33320,34980,33396,37156,34824,26134
32868,34073,32643,33282,34805,37208,33320,34980,33396,37156,34824,26134
32850,35503,32543,33204,34805,37208,33320,34980,33396,37156,34824,26134
32771,28213,32562,32800,34805,37208,33320,34980,33396,37156,34824,26134
32740,29091,32543,32954,34805,37208,33320,34980,33396,37156,34824,26134
32684,36871,32527,32998,34805,37208,33320,34980,33396,37156,34824,26134
32738,40743,32608,33027,34805,37208,33320,34980,33396,37156,34824,26134
32769,40471,32688,32927,34842,37032,33248,34966,33452,37018,34780,26274
32653,34960,32770,32962,34842,37032,33248,34966,33452,37018,34780,26274
32598,28903,32618,33139,34842,37032,33248,34966,33452,37018,34780,26274
32615,25588,32715,33032,34842,37032,33248,34966,33452,37018,34780,26274
32614,25445,32995,33096,34842,37032,33248,34966,33452,37018,34780,26274
32649,25254,33191,33025,34842,37032,33248,34966,33452,37018,34780,26274
32729,26677,32989,33391,34842,37032,33248,34966,33452,37018,34780,26274
32767,28810,32783,33303,34842,37032,33248,34966,33452,37018,34780,26274
32822,34359,32731,33069,34842,37032,33248,34966,33452,37018,34780,26274
32974,39094,32571,33637,34842,37032,33248,34966,33452,37018,34780,26274
33018,40857,32273,32637,34744,36896,33112,34946,33412,36960,34664,26268
33052,41683,32243,32463,34744,36896,33112,34946,33412,36960,34664,26268
32868,41515,32669,33122,34744,36896,33112,34946,33412,36960,34664,26268
32786,39717,32831,33119,34744,36896,33112,34946,33412,36960,34664,26268
32752,37747,32857,33087,34744,36896,33112,34946,33412,36960,34664,26268
32811,35775,32866,33142,34744,36896,33112,34946,33412,36960,34664,26268
32811,33727,32774,33060,34744,36896,33112,34946,33412,36960,34664,26268
32859,32334,32589,32723,34744,36896,33112,34946,33412,36960,34664,26268
32851,31963,32545,33081,34744,36896,33112,34946,33412,36960,34664,26268
32895,30375,32730,33263,34744,36896,33112,34946,33412,36960,34664,26268
32860,30323,32923,33415,34616,36848,32952,35010,33312,36904,34472,26256
32807,30041,32985,33504,34616,36848,32952,35010,33312,36904,34472,26256
32718,29845,32933,33097,34616,36848,32952,35010,33312,36904,34472,26256
32711,29267,32858,33306,34616,36848,32952,35010,33312,36904,34472,26256
32729,28093,32845,33319,34616,36848,32952,35010,33312,36904,34472,26256
32756,27667,32601,33126,34616,36848,32952,35010,33312,36904,34472,26256
32816,27474,32807,32937,34616,36848,32952,35010,33312,36904,34472,26256
32744,28807,33016,33215,34616,36848,32952,35010,33312,36904,34472,26256
32671,28843,32865,33446,34616,36848,32952,35010,33312,36904,34472,26256
32632,29807,32819,33343,34616,36848,32952,35010,33312,36904,34472,26256
32621,30675,32894,33612,34436,36904,32936,35032,33200,36992,34266,26302
32591,30299,32885,33581,34436,36904,32936,35032,33200,36992,34266,26302
32640,30543,32982,33122,34436,36904,32936,35032,33200,36992,34266,26302
32709,30918,32945,32947,34436,36904,32936,35032,33200,36992,34266,26302
32658,32155,32965,32551,34436,36904,32936,35032,33200,36992,34266,26302
32639,33426,33019,32623,34436,36904,32936,35032,33200,36992,34266,26302
32763,33679,32895,32860,34436,36904,32936,35032,33200,36992,34266,26302
32759,34135,33067,33203,34436,36904,32936,35032,33200,36992,34266,26302
32848,34151,33035,33266,34436,36904,32936,35032,33200,36992,34266,26302
32841,34522,32915,33247,34436,36904,32936,35032,33200,36992,34266,26302
32893,34157,32798,33333,34368,36904,33060,34996,33032,37156,34216,26325
32987,34008,32756,33388,34368,36904,33060,34996,33032,37156,34216,26325
32944,33491,32811,33361,34368,36904,33060,34996,33032,37156,34216,26325
32886,32876,32727,33375,34368,36904,33060,34996,33032,37156,34216,26325
32792,32005,32545,33336,34368,36904,33060,34996,33032,37156,34216,26325
32736,31422,32522,33442,34368,36904,33060,34996,33032,37156,34216,26325
32676,31130,32626,33479,34368,36904,33060,34996,33032,37156,34216,26325
32711,31479,32641,33520,34368,36904,33060,34996,33032,37156,34216,26325
32688,32263,32698,33610,34368,36904,33060,34996,33032,37156,34216,26325
32669,31123,32881,33611,34368,36904,33060,34996,33032,37156,34216,26325
32727,31881,32882,33457,34408,37076,33136,35044,32912,37340,34265,26384
32696,31990,32861,33387,34408,37076,33136,35044,32912,37340,34265,26384
32724,30983,32858,33200,34408,37076,33136,35044,32912,37340,34265,26384
32752,31492,32903,33183,34408,37076,33136,35044,32912,37340,34265,26384
32742,30815,32999,33095,34408,37076,33136,35044,32912,37340,34265,26384
32727,31182,32971,33079,34408,37076,33136,35044,32912,37340,34265,26384
32748,31594,32967,33053,34408,37076,33136,35044,32912,37340,34265,26384
32732,32039,32895,33022,34408,37076,33136,35044,32912,37340,34265,26384
32773,32023,32846,33027,34408,37076,33136,35044,32912,37340,34265,26384
32679,32331,32851,33030,34408,37076,33136,35044,32912,37340,34265,26384
32755,32861,32902,33110,34516,37253,33206,35126,32920,37404,34436,26386
32733,36999,32742,32999,34516,37253,33206,35126,32920,37404,34436,26386
32770,34383,32789,33041,34516,37253,33206,35126,32920,37404,34436,26386
32845,33591,32818,33133,34516,37253,33206,35126,32920,37404,34436,26386
32804,33551,32845,33154,34516,37253,33206,35126,32920,37404,34436,26386
32866,33127,32882,33146,34516,37253,33206,35126,32920,37404,34436,26386
32873,33094,32870,33253,34516,37253,33206,35126,32920,37404,34436,26386
32914,33983,32879,33200,34516,37253,33206,35126,32920,37404,34436,26386
32840,33091,32910,33261,34516,37253,33206,35126,32920,37404,34436,26386
32858,33775,32946,33139,34516,37253,33206,35126,32920,37404,34436,26386
32835,33163,33007,33154,34566,37380,33206,35104,32956,37365,34540,26426
32800,33129,32903,33062,34566,37380,33206,35104,32956,37365,34540,26426
32925,33198,32537,33047,34566,37380,33206,35104,32956,37365,34540,26426
32839,33971,32407,32999,34566,37380,33206,35104,32956,37365,34540,26426
32788,33590,32599,32967,34566,37380,33206,35104,32956,37365,34540,26426
32800,33052,32678,33093,34566,37380,33206,35104,32956,37365,34540,26426
32780,32906,32455,33178,34566,37380,33206,35104,32956,37365,34540,26426
32730,32364,32450,33249,34566,37380,33206,35104,32956,37365,34540,26426
32732,31793,32518,33102,34566,37380,33206,35104,32956,37365,34540,26426
32764,31174,32383,33011,34566,37380,33206,35104,32956,37365,34540,26426
32806,31877,32676,32995,34512,37370,33312,35136,33028,37290,34586,26482
32690,31211,33071,32893,34512,37370,33312,35136,33028,37290,34586,26482
32679,33194,33085,33038,34512,37370,33312,35136,33028,37290,34586,26482
32710,33567,33055,33002,34512,37370,33312,35136,33028,37290,34586,26482
32797,32775,32955,33071,34512,37370,33312,35136,33028,37290,34586,26482
32772,32495,32758,33366,34512,37370,33312,35136,33028,37290,34586,26482
32775,32435,32765,33737,34512,37370,33312,35136,33028,37290,34586,26482
32788,32354,32595,33341,34512,37370,33312,35136,33028,37290,34586,26482
32763,33418,32623,33268,34512,37370,33312,35136,33028,37290,34586,26482
32781,33135,32821,33191,34512,37370,33312,35136,33028,37290,34586,26482
32730,34487,32611,33073,34468,37270,33362,34912,33144,37192,34664,26414
32796,34678,32613,33237,34468,37270,33362,34912,33144,37192,34664,26414
32710,35133,32809,33722,34468,37270,33362,34912,33144,37192,34664,26414
32729,35003,32847,33875,34468,37270,33362,34912,33144,37192,34664,26414
32668,34690,32571,33074,34468,37270,33362,34912,33144,37192,34664,26414
32652,35575,32734,33025,34468,37270,33362,34912,33144,37192,34664,26414
32745,35471,32827,32370,34468,37270,33362,34912,33144,37192,34664,26414
32902,36410,32671,31971,34468,37270,33362,34912,33144,37192,34664,26414
32876,36327,32748,32615,34468,37270,33362,34912,33144,37192,34664,26414
32869,35763,32875,32921,34468,37270,33362,34912,33144,37192,34664,26414
32878,36575,32827,33239,34536,37128,33353,34916,33205,37120,34664,26522
32795,36247,32898,33483,34536,37128,33353,34916,33205,37120,34664,26522
32810,36246,32819,33669,34536,37128,33353,34916,33205,37120,34664,26522
32771,35007,32804,33765,34536,37128,33353,34916,33205,37120,34664,26522
32691,35423,32855,32811,34536,37128,33353,34916,33205,37120,34664,26522
32789,35435,32771,32633,34536,37128,33353,34916,33205,37120,34664,26522
32842,35430,32693,32767,34536,37128,33353,34916,33205,37120,34664,26522
32984,35527,32786,32911,34536,37128,33353,34916,33205,37120,34664,26522
32967,35407,32793,33190,34536,37128,33353,34916,33205,37120,34664,26522
32949,34477,32782,33101,34536,37128,33353,34916,33205,37120,34664,26522
32936,35470,32741,33223,34562,37052,33220,34864,33194,37080,34548,26560
32819,35821,32714,33646,34562,37052,33220,34864,33194,37080,34548,26560
32824,35535,32685,33686,34562,37052,33220,34864,33194,37080,34548,26560
32720,35771,32818,32775,34562,37052,33220,34864,33194,37080,34548,26560
32727,36334,32813,32359,34562,37052,33220,34864,33194,37080,34548,26560
32648,36247,32871,32903,34562,37052,33220,34864,33194,37080,34548,26560
32595,36425,32879,33343,34562,37052,33220,34864,33194,37080,34548,26560
32518,36887,32791,33571,34562,37052,33220,34864,33194,37080,34548,26560
32475,37358,32689,33251,34562,37052,33220,34864,33194,37080,34548,26560
32387,37799,32654,33547,34562,37052,33220,34864,33194,37080,34548,26560
32530,38005,32666,34085,34588,37008,33128,35036,33149,37068,34444,26528
32566,37319,32725,33938,34588,37008,33128,35036,33149,37068,34444,26528
32591,37051,32667,32921,34588,37008,33128,35036,33149,37068,34444,26528
32601,37203,32620,32502,34588,37008,33128,35036,33149,37068,34444,26528
32630,37371,32667,32454,34588,37008,33128,35036,33149,37068,34444,26528
32729,37238,32714,33081,34588,37008,33128,35036,33149,37068,34444,26528
32767,36214,32707,32815,34588,37008,33128,35036,33149,37068,34444,26528
32822,36445,32660,32980,34588,37008,33128,35036,33149,37068,34444,26528
32942,35513,32718,33701,34588,37008,33128,35036,33149,37068,34444,26528
32873,35351,32639,33143,34588,37008,33128,35036,33149,37068,34444,26528
32860,34755,32738,32972,34633,36956,33072,34896,33144,37088,34388,26480
32824,33608,32766,32647,34633,36956,33072,34896,33144,37088,34388,26480
32767,33179,32775,32681,34633,36956,33072,34896,33144,37088,34388,26480
32671,32575,32907,33031,34633,36956,33072,34896,33144,37088,34388,26480
32672,31855,32861,33285,34633,36956,33072,34896,33144,37088,34388,26480
32661,32344,32858,33635,34633,36956,33072,34896,33144,37088,34388,26480
32737,31459,32886,33479,34633,36956,33072,34896,33144,37088,34388,26480
32773,30886,32823,33223,34633,36956,33072,34896,33144,37088,34388,26480
32809,30383,32801,33108,34633,36956,33072,34896,33144,37088,34388,26480
32844,29535,32824,33273,34633,36956,33072,34896,33144,37088,34388,26480
32749,29119,32896,33285,34716,36922,33082,34948,33225,37139,34328,26514
32795,28006,32966,33467,34716,36922,33082,34948,33225,37139,34328,26514
32749,27491,33150,33234,34716,36922,33082,34948,33225,37139,34328,26514
32711,27539,33154,32995,34716,36922,33082,34948,33225,37139,34328,26514
32747,27321,33161,32903,34716,36922,33082,34948,33225,37139,34328,26514
32781,26542,33191,32939,34716,36922,33082,34948,33225,37139,34328,26514
32800,26983,33025,33119,34716,36922,33082,34948,33225,37139,34328,26514
32790,27688,32417,33269,34716,36922,33082,34948,33225,37139,34328,26514
32811,27370,32182,33362,34716,36922,33082,34948,33225,37139,34328,26514
32719,27201,32565,33595,34716,36922,33082,34948,33225,37139,34328,26514
32722,26860,32555,33331,34788,36952,33060,34856,33276,37216,34396,26530
32697,27130,32815,33106,34788,36952,33060,34856,33276,37216,34396,26530
32760,27493,32839,32775,34788,36952,33060,34856,33276,37216,34396,26530
32804,27937,32959,32773,34788,36952,33060,34856,33276,37216,34396,26530
32706,27643,33070,32887,34788,36952,33060,34856,33276,37216,34396,26530
32826,27307,33075,32956,34788,36952,33060,34856,33276,37216,34396,26530
32880,27854,33079,33090,34788,36952,33060,34856,33276,37216,34396,26530
32842,28150,33150,33253,34788,36952,33060,34856,33276,37216,34396,26530
32951,28397,33243,33211,34788,36952,33060,34856,33276,37216,34396,26530
32954,28554,33171,33129,34788,36952,33060,34856,33276,37216,34396,26530
32903,28873,32946,33355,34738,37058,33056,34913,33316,37284,34464,26537
32838,29039,32979,33508,34738,37058,33056,34913,33316,37284,34464,26537
32818,29605,32879,33319,34738,37058,33056,34913,33316,37284,34464,26537
32708,30071,32508,33114,34738,37058,33056,34913,33316,37284,34464,26537
32740,29749,32567,33095,34738,37058,33056,34913,33316,37284,34464,26537
32764,29766,32903,33267,34738,37058,33056,34913,33316,37284,34464,26537
32746,29838,32775,33103,34738,37058,33056,34913,33316,37284,34464,26537
32678,30215,32452,33062,34738,37058,33056,34913,33316,37284,34464,26537
32684,30145,32637,33163,34738,37058,33056,34913,33316,37284,34464,26537
32679,29963,32775,33107,34738,37058,33056,34913,33316,37284,34464,26537
32709,30661,32831,33117,34714,37144,33088,34944,33328,37281,34518,26544
32749,30417,32511,33096,34714,37144,33088,34944,33328,37281,34518,26544
32742,30215,32466,33158,34714,37144,33088,34944,33328,37281,34518,26544
32707,30338,32459,33142,34714,37144,33088,34944,33328,37281,34518,26544
32735,31111,32703,33019,34714,37144,33088,34944,33328,37281,34518,26544
32680,30951,32877,32978,34714,37144,33088,34944,33328,37281,34518,26544
32675,31090,32920,33094,34714,37144,33088,34944,33328,37281,34518,26544
32692,31895,32851,32679,34714,37144,33088,34944,33328,37281,34518,26544
32703,32431,32883,32712,34714,37144,33088,34944,33328,37281,34518,26544
32693,31983,32865,32843,34714,37144,33088,34944,33328,37281,34518,26544
32703,32297,32913,32853,34676,37202,33144,34866,33192,37221,34600,26560
32717,32335,32896,32893,34676,37202,33144,34866,33192,37221,34600,26560
32744,32354,32804,32991,34676,37202,33144,34866,33192,37221,34600,26560
32726,31907,32855,33205,34676,37202,33144,34866,33192,37221,34600,26560
32710,31461,32897,33303,34676,37202,33144,34866,33192,37221,34600,26560
32793,31601,32793,33271,34676,37202,33144,34866,33192,37221,34600,26560
32942,31931,32888,33250,34676,37202,33144,34866,33192,37221,34600,26560
33025,32469,32867,33395,34676,37202,33144,34866,33192,37221,34600,26560
32974,32295,32798,33497,34676,37202,33144,34866,33192,37221,34600,26560
32884,31993,32687,33495,34676,37202,33144,34866,33192,37221,34600,26560
32819,32575,32715,33183,34678,37172,33312,35039,33121,37225,34600,26536
32837,33268,32775,33174,34678,37172,33312,35039,33121,37225,34600,26536
32848,32889,32659,33196,34678,37172,33312,35039,33121,37225,34600,26536
32788,32882,32667,33431,34678,37172,33312,35039,33121,37225,34600,26536
32799,32169,32613,33559,34678,37172,33312,35039,33121,37225,34600,26536
32702,32231,32687,33213,34678,37172,33312,35039,33121,37225,34600,26536
32614,32522,32643,33055,34678,37172,33312,35039,33121,37225,34600,26536
32544,32809,32743,33085,34678,37172,33312,35039,33121,37225,34600,26536
32507,32683,32735,33202,34678,37172,33312,35039,33121,37225,34600,26536
32586,32951,32742,33173,34678,37172,33312,35039,33121,37225,34600,26536
32692,32935,32742,32967,34668,37096,33484,35046,33112,37176,34640,26564
32802,33076,32799,32853,34668,37096,33484,35046,33112,37176,34640,26564
32795,33464,32817,32885,34668,37096,33484,35046,33112,37176,34640,26564
32841,32903,32770,32887,34668,37096,33484,35046,33112,37176,34640,26564
32797,33031,32743,33014,34668,37096,33484,35046,33112,37176,34640,26564
32873,33311,32741,33037,34668,37096,33484,35046,33112,37176,34640,26564
33080,33855,32691,33223,34668,37096,33484,35046,33112,37176,34640,26564
32977,34252,32591,33317,34668,37096,33484,35046,33112,37176,34640,26564
32895,34909,32618,33538,34668,37096,33484,35046,33112,37176,34640,26564
32910,34203,32686,33463,34668,37096,33484,35046,33112,37176,34640,26564
32902,34343,32702,32983,34684,36996,33480,34972,33112,37132,34680,26576
32927,34386,32647,32647,34684,36996,33480,34972,33112,37132,34680,26576
32812,34551,32669,32825,34684,36996,33480,34972,33112,37132,34680,26576
32794,34818,32743,33197,34684,36996,33480,34972,33112,37132,34680,26576
32791,34935,32813,33441,34684,36996,33480,34972,33112,37132,34680,26576
32750,34551,32861,33540,34684,36996,33480,34972,33112,37132,34680,26576
32684,34691,32873,33543,34684,36996,33480,34972,33112,37132,34680,26576
32623,33472,32937,33367,34684,36996,33480,34972,33112,37132,34680,26576
32634,33687,33015,33147,34684,36996,33480,34972,33112,37132,34680,26576
32603,34027,32999,32999,34684,36996,33480,34972,33112,37132,34680,26576
32727,32918,32954,32979,34656,36986,33360,35016,33124,37156,34601,26598
32839,32446,32933,32947,34656,36986,33360,35016,33124,37156,34601,26598
32812,31714,32909,32899,34656,36986,33360,35016,33124,37156,34601,26598
32786,32051,32696,32943,34656,36986,33360,35016,33124,37156,34601,26598
32762,32097,32717,33307,34656,36986,33360,35016,33124,37156,34601,26598
32754,32469,32672,32991,34656,36986,33360,35016,33124,37156,34601,26598
32705,32311,32718,32859,34656,36986,33360,35016,33124,37156,34601,26598
32606,32647,32796,33182,34656,36986,33360,35016,33124,37156,34601,26598
32584,32481,32799,33428,34656,36986,33360,35016,33124,37156,34601,26598
32672,33039,32782,33399,34656,36986,33360,35016,33124,37156,34601,26598
32662,33131,32733,33083,34668,37008,33308,35056,33148,37188,34592,26546
32583,33546,32710,32893,34668,37008,33308,35056,33148,37188,34592,26546
32649,32899,32815,33199,34668,37008,33308,35056,33148,37188,34592,26546
32669,32821,32934,33300,34668,37008,33308,35056,33148,37188,34592,26546
32778,32407,32890,33362,34668,37008,33308,35056,33148,37188,34592,26546
32895,32791,32835,33329,34668,37008,33308,35056,33148,37188,34592,26546
33031,33943,32790,33173,34668,37008,33308,35056,33148,37188,34592,26546
32959,33847,32729,33099,34668,37008,33308,35056,33148,37188,34592,26546
33002,33855,32838,33209,34668,37008,33308,35056,33148,37188,34592,26546
32918,34904,32924,33131,34668,37008,33308,35056,33148,37188,34592,26546
32934,34823,32822,33103,34660,37052,33256,34930,33224,37232,34564,26550
32818,35335,32795,33027,34660,37052,33256,34930,33224,37232,34564,26550
32715,35735,32964,33140,34660,37052,33256,34930,33224,37232,34564,26550
32564,35203,33041,33200,34660,37052,33256,34930,33224,37232,34564,26550
32594,35271,32957,33267,34660,37052,33256,34930,33224,37232,34564,26550
32560,35173,32871,33083,34660,37052,33256,34930,33224,37232,34564,26550
32707,35394,32955,33103,34660,37052,33256,34930,33224,37232,34564,26550
32662,35213,32979,33351,34660,37052,33256,34930,33224,37232,34564,26550
32732,34637,32719,33161,34660,37052,33256,34930,33224,37232,34564,26550
32722,34891,32719,32978,34660,37052,33256,34930,33224,37232,34564,26550
32825,34603,32719,33051,34692,37124,33200,35036,33260,37276,34482,26590
32844,34231,32723,32939,34692,37124,33200,35036,33260,37276,34482,26590
32828,34217,32683,33001,34692,37124,33200,35036,33260,37276,34482,26590
32791,34562,32790,33383,34692,37124,33200,35036,33260,37276,34482,26590
32784,34556,32787,33127,34692,37124,33200,35036,33260,37276,34482,26590
32670,35241,32747,32747,34692,37124,33200,35036,33260,37276,34482,26590
32718,35707,32879,33147,34692,37124,33200,35036,33260,37276,34482,26590
32678,35063,32807,32615,34692,37124,33200,35036,33260,37276,34482,26590
32744,35521,32770,32387,34692,37124,33200,35036,33260,37276,34482,26590
32792,35795,32687,32832,34692,37124,33200,35036,33260,37276,34482,26590
32903,36023,32728,33175,34740,37152,33218,35078,33264,37268,34548,26544
32967,36219,32775,33372,34740,37152,33218,35078,33264,37268,34548,26544
32943,36326,32711,33455,34740,37152,33218,35078,33264,37268,34548,26544
33010,35822,32705,33382,34740,37152,33218,35078,33264,37268,34548,26544
32939,37085,32734,33363,34740,37152,33218,35078,33264,37268,34548,26544
32901,36697,32715,33394,34740,37152,33218,35078,33264,37268,34548,26544
32900,37191,32711,33104,34740,37152,33218,35078,33264,37268,34548,26544
32692,37417,32809,32955,34740,37152,33218,35078,33264,37268,34548,26544
32635,37887,32954,33330,34740,37152,33218,35078,33264,37268,34548,26544
32521,38151,32939,33451,34740,37152,33218,35078,33264,37268,34548,26544
32491,38911,32883,33589,34802,37120,33308,34866,33248,37240,34562,26546
32558,38834,32926,33449,34802,37120,33308,34866,33248,37240,34562,26546
32644,39215,32839,33375,34802,37120,33308,34866,33248,37240,34562,26546
32741,40663,32878,33263,34802,37120,33308,34866,33248,37240,34562,26546
32806,40783,32827,33175,34802,37120,33308,34866,33248,37240,34562,26546
32824,36173,32775,33051,34802,37120,33308,34866,33248,37240,34562,26546
32856,29775,32943,33235,34802,37120,33308,34866,33248,37240,34562,26546
32853,29247,32883,33118,34802,37120,33308,34866,33248,37240,34562,26546
32744,27322,32715,33095,34802,37120,33308,34866,33248,37240,34562,26546
32674,25444,32677,33042,34802,37120,33308,34866,33248,37240,34562,26546
32638,23047,32602,32997,34756,37068,33293,34925,33236,37164,34572,26596
32613,20115,32667,32985,34756,37068,33293,34925,33236,37164,34572,26596
32615,19137,32615,32867,34756,37068,33293,34925,33236,37164,34572,26596
32704,20854,32483,32871,34756,37068,33293,34925,33236,37164,34572,26596
32756,21771,32495,32951,34756,37068,33293,34925,33236,37164,34572,26596
32816,23703,32643,33069,34756,37068,33293,34925,33236,37164,34572,26596
32842,25799,32687,33095,34756,37068,33293,34925,33236,37164,34572,26596
32755,29455,32796,33037,34756,37068,33293,34925,33236,37164,34572,26596
32813,32155,32765,33171,34756,37068,33293,34925,33236,37164,34572,26596
32810,34517,32791,33078,34756,37068,33293,34925,33236,37164,34572,26596
32820,35883,32820,33314,34692,36996,33274,34888,33192,37119,34584,26552
32865,35533,32771,33190,34692,36996,33274,34888,33192,37119,34584,26552
32854,35620,32805,33195,34692,36996,33274,34888,33192,37119,34584,26552
32838,35625,32683,33059,34692,36996,33274,34888,33192,37119,34584,26552
32775,34791,32687,33199,34692,36996,33274,34888,33192,37119,34584,26552
32729,33461,32809,33239,34692,36996,33274,34888,33192,37119,34584,26552
32732,31834,32687,33011,34692,36996,33274,34888,33192,37119,34584,26552
32772,31785,32639,33167,34692,36996,33274,34888,33192,37119,34584,26552
32775,32050,32575,33260,34692,36996,33274,34888,33192,37119,34584,26552
32645,32715,32689,33447,34692,36996,33274,34888,33192,37119,34584,26552
