32790,32729,32644,32687,34226,36501,35544,34356,33620,37282,33925,31184
32806,32799,32741,32843,34226,36501,35544,34356,33620,37282,33925,31184
32822,32857,32838,32914,34226,36501,35544,34356,33620,37282,33925,31184
32855,32749,32917,32867,34226,36501,35544,34356,33620,37282,33925,31184
32806,32766,32679,32853,34226,36501,35544,34356,33620,37282,33925,31184
32842,32706,32658,32725,34226,36501,35544,34356,33620,37282,33925,31184
32824,32745,32775,32661,34226,36501,35544,34356,33620,37282,33925,31184
32797,32742,32875,32855,34226,36501,35544,34356,33620,37282,33925,31184
32768,32771,32743,32925,34226,36501,35544,34356,33620,37282,33925,31184
32716,32805,32567,32925,34226,36501,35544,34356,33620,37282,33925,31184
32824,32850,32824,32911,34254,36512,35560,34356,33622,37280,33888,31156
32780,32855,32833,32922,34254,36512,35560,34356,33622,37280,33888,31156
32787,32743,32903,32913,34254,36512,35560,34356,33622,37280,33888,31156
32789,32811,32626,32747,34254,36512,35560,34356,33622,37280,33888,31156
32767,32751,32893,32803,34254,36512,35560,34356,33622,37280,33888,31156
32780,32771,32909,32703,34254,36512,35560,34356,33622,37280,33888,31156
32796,32699,32848,32851,34254,36512,35560,34356,33622,37280,33888,31156
32794,32755,32819,32850,34254,36512,35560,34356,33622,37280,33888,31156
32741,32819,32995,32783,34254,36512,35560,34356,33622,37280,33888,31156
32702,32771,32903,32704,34254,36512,35560,34356,33622,37280,33888,31156
32738,32775,32540,32786,34220,36536,35552,34212,33634,37272,33905,31200
32747,32885,32609,32909,34220,36536,35552,34212,33634,37272,33905,31200
32752,32839,32927,32775,34220,36536,35552,34212,33634,37272,33905,31200
32771,32822,32801,32714,34220,36536,35552,34212,33634,37272,33905,31200
32728,32909,32815,32673,34220,36536,35552,34212,33634,37272,33905,31200
32771,32935,32903,32668,34220,36536,35552,34212,33634,37272,33905,31200
32710,32855,32018,32795,34220,36536,35552,34212,33634,37272,33905,31200
32765,32945,32370,32763,34220,36536,35552,34212,33634,37272,33905,31200
32766,32867,31519,32855,34220,36536,35552,34212,33634,37272,33905,31200
32761,32873,31927,32749,34220,36536,35552,34212,33634,37272,33905,31200
32734,32965,32244,32770,34241,36508,35577,34312,33632,37256,33928,31172
32818,32932,33843,32788,34241,36508,35577,34312,33632,37256,33928,31172
32804,32869,34533,32556,34241,36508,35577,34312,33632,37256,33928,31172
32841,32914,33375,32448,34241,36508,35577,34312,33632,37256,33928,31172
32761,32946,33019,32663,34241,36508,35577,34312,33632,37256,33928,31172
32690,32849,32786,32677,34241,36508,35577,34312,33632,37256,33928,31172
32748,32871,32797,32803,34241,36508,35577,34312,33632,37256,33928,31172
32742,32799,32804,33285,34241,36508,35577,34312,33632,37256,33928,31172
32711,32847,32382,33167,34241,36508,35577,34312,33632,37256,33928,31172
32740,32760,32010,33260,34241,36508,35577,34312,33632,37256,33928,31172
32793,32687,32433,32950,34232,36476,35574,34292,33645,37280,33928,31228
32775,32723,32617,32595,34232,36476,35574,34292,33645,37280,33928,31228
32794,32751,33420,32511,34232,36476,35574,34292,33645,37280,33928,31228
32744,32751,32425,32727,34232,36476,35574,34292,33645,37280,33928,31228
32794,32701,32056,32594,34232,36476,35574,34292,33645,37280,33928,31228
32787,32787,32299,32770,34232,36476,35574,34292,33645,37280,33928,31228
32790,32771,32492,32827,34232,36476,35574,34292,33645,37280,33928,31228
32733,32737,33040,32797,34232,36476,35574,34292,33645,37280,33928,31228
32738,32775,34779,32903,34232,36476,35574,34292,33645,37280,33928,31228
32758,32883,33924,32967,34232,36476,35574,34292,33645,37280,33928,31228
32744,32786,33039,32889,34224,36508,35574,34354,33640,37280,33932,31238
32736,32683,32567,32818,34224,36508,35574,34354,33640,37280,33932,31238
32748,32690,32635,32884,34224,36508,35574,34354,33640,37280,33932,31238
32823,32771,33327,32752,34224,36508,35574,34354,33640,37280,33932,31238
32772,32807,33231,32719,34224,36508,35574,34354,33640,37280,33932,31238
32765,32768,32537,32675,34224,36508,35574,34354,33640,37280,33932,31238
32700,32788,32332,32711,34224,36508,35574,34354,33640,37280,33932,31238
32687,32835,32749,32697,34224,36508,35574,34354,33640,37280,33932,31238
32740,32818,32539,32634,34224,36508,35574,34354,33640,37280,33932,31238
32793,32775,33149,32693,34224,36508,35574,34354,33640,37280,33932,31238
32772,32740,32325,32985,34232,36488,35578,34268,33652,37272,33912,31245
32746,32763,32561,33129,34232,36488,35578,34268,33652,37272,33912,31245
32733,32758,32723,33055,34232,36488,35578,34268,33652,37272,33912,31245
32775,32753,31847,32870,34232,36488,35578,34268,33652,37272,33912,31245
32850,32775,32426,32831,34232,36488,35578,34268,33652,37272,33912,31245
32784,32864,32768,32707,34232,36488,35578,34268,33652,37272,33912,31245
32812,32909,32942,32595,34232,36488,35578,34268,33652,37272,33912,31245
32825,32921,33138,32705,34232,36488,35578,34268,33652,37272,33912,31245
32835,32901,33134,32805,34232,36488,35578,34268,33652,37272,33912,31245
32856,32845,32591,33027,34232,36488,35578,34268,33652,37272,33912,31245
32848,32751,31539,32938,34245,36516,35588,34296,33652,37272,33906,31176
32762,32731,32011,32857,34245,36516,35588,34296,33652,37272,33906,31176
32775,32748,32519,32610,34245,36516,35588,34296,33652,37272,33906,31176
32804,32775,33043,32577,34245,36516,35588,34296,33652,37272,33906,31176
32760,32923,32946,32575,34245,36516,35588,34296,33652,37272,33906,31176
32797,32759,32463,32673,34245,36516,35588,34296,33652,37272,33906,31176
32737,32774,32835,32853,34245,36516,35588,34296,33652,37272,33906,31176
32775,32738,32959,32690,34245,36516,35588,34296,33652,37272,33906,31176
32751,32835,32681,32900,34245,36516,35588,34296,33652,37272,33906,31176
32745,32885,32903,33059,34245,36516,35588,34296,33652,37272,33906,31176
32750,32847,32857,32965,34258,36506,35574,34224,33648,37262,33924,31232
32761,32869,32925,32812,34258,36506,35574,34224,33648,37262,33924,31232
32745,32769,34271,32761,34258,36506,35574,34224,33648,37262,33924,31232
32757,32789,33440,32733,34258,36506,35574,34224,33648,37262,33924,31232
32709,32742,32793,32742,34258,36506,35574,34224,33648,37262,33924,31232
32844,32741,32792,32671,34258,36506,35574,34224,33648,37262,33924,31232
32802,32677,32083,32787,34258,36506,35574,34224,33648,37262,33924,31232
32768,32775,32523,32910,34258,36506,35574,34224,33648,37262,33924,31232
32768,32933,32839,32967,34258,36506,35574,34224,33648,37262,33924,31232
32774,32883,32883,32812,34258,36506,35574,34224,33648,37262,33924,31232
32758,32868,32671,32757,34260,36488,35580,34384,33672,37274,33904,31270
32750,32889,32683,32615,34260,36488,35580,34384,33672,37274,33904,31270
32737,32813,32899,32671,34260,36488,35580,34384,33672,37274,33904,31270
32719,32803,32901,32743,34260,36488,35580,34384,33672,37274,33904,31270
32786,32724,32798,32838,34260,36488,35580,34384,33672,37274,33904,31270
32729,32810,33110,32749,34260,36488,35580,34384,33672,37274,33904,31270
32653,32804,32873,32800,34260,36488,35580,34384,33672,37274,33904,31270
32760,32881,33067,32839,34260,36488,35580,34384,33672,37274,33904,31270
32724,32826,32726,32885,34260,36488,35580,34384,33672,37274,33904,31270
32710,32877,32489,32903,34260,36488,35580,34384,33672,37274,33904,31270
32754,32818,32536,32883,34272,36508,35556,34386,33656,37276,33894,31206
32742,32831,32055,32821,34272,36508,35556,34386,33656,37276,33894,31206
32721,32800,32548,32637,34272,36508,35556,34386,33656,37276,33894,31206
32754,32838,32729,32444,34272,36508,35556,34386,33656,37276,33894,31206
32788,32812,32553,32647,34272,36508,35556,34386,33656,37276,33894,31206
32751,32807,32965,32747,34272,36508,35556,34386,33656,37276,33894,31206
32745,32797,33330,32799,34272,36508,35556,34386,33656,37276,33894,31206
32775,32759,32610,32775,34272,36508,35556,34386,33656,37276,33894,31206
32775,32773,32715,32755,34272,36508,35556,34386,33656,37276,33894,31206
32752,32720,32998,32775,34272,36508,35556,34386,33656,37276,33894,31206
32794,32889,32660,32754,34274,36516,35532,34392,33648,37270,33880,31258
32769,32793,32951,32727,34274,36516,35532,34392,33648,37270,33880,31258
32782,32839,33024,32730,34274,36516,35532,34392,33648,37270,33880,31258
32777,32657,33983,32860,34274,36516,35532,34392,33648,37270,33880,31258
32870,32643,33499,32912,34274,36516,35532,34392,33648,37270,33880,31258
32828,32718,31671,32831,34274,36516,35532,34392,33648,37270,33880,31258
32850,32678,31689,32883,34274,36516,35532,34392,33648,37270,33880,31258
32884,32788,32546,32735,34274,36516,35532,34392,33648,37270,33880,31258
32807,32751,32911,32717,34274,36516,35532,34392,33648,37270,33880,31258
32800,32930,32670,32870,34274,36516,35532,34392,33648,37270,33880,31258
32773,32815,32899,32670,34264,36532,35524,34418,33644,37284,33874,31168
32812,32775,32692,32612,34264,36532,35524,34418,33644,37284,33874,31168
32716,32815,32871,32697,34264,36532,35524,34418,33644,37284,33874,31168
32729,32809,32987,32771,34264,36532,35524,34418,33644,37284,33874,31168
32743,32801,32727,32751,34264,36532,35524,34418,33644,37284,33874,31168
32750,32775,32445,32791,34264,36532,35524,34418,33644,37284,33874,31168
32796,32803,32262,32981,34264,36532,35524,34418,33644,37284,33874,31168
32773,32775,32410,32861,34264,36532,35524,34418,33644,37284,33874,31168
32724,32835,33466,32893,34264,36532,35524,34418,33644,37284,33874,31168
32725,32879,33328,32733,34264,36532,35524,34418,33644,37284,33874,31168
32738,32851,32524,32641,34251,36528,35504,34368,33636,37286,33866,31240
32764,32979,32663,32640,34251,36528,35504,34368,33636,37286,33866,31240
32717,32839,34077,32669,34251,36528,35504,34368,33636,37286,33866,31240
32807,32817,33575,32641,34251,36528,35504,34368,33636,37286,33866,31240
32783,32791,32743,32903,34251,36528,35504,34368,33636,37286,33866,31240
32771,32725,32595,33083,34251,36528,35504,34368,33636,37286,33866,31240
32771,32807,32400,33095,34251,36528,35504,34368,33636,37286,33866,31240
32694,32813,32386,32866,34251,36528,35504,34368,33636,37286,33866,31240
32654,32711,32601,32698,34251,36528,35504,34368,33636,37286,33866,31240
32705,32853,32775,32697,34251,36528,35504,34368,33636,37286,33866,31240
32701,32894,32885,32678,34244,36544,35520,34434,33629,37296,33824,31238
32740,32897,32379,32631,34244,36544,35520,34434,33629,37296,33824,31238
32758,32851,31895,32647,34244,36544,35520,34434,33629,37296,33824,31238
32753,32775,32093,32732,34244,36544,35520,34434,33629,37296,33824,31238
32722,32725,32051,32704,34244,36544,35520,34434,33629,37296,33824,31238
32740,32726,32210,32564,34244,36544,35520,34434,33629,37296,33824,31238
32732,32679,32485,32694,34244,36544,35520,34434,33629,37296,33824,31238
32756,32722,34107,32747,34244,36544,35520,34434,33629,37296,33824,31238
32824,32731,34899,32933,34244,36544,35520,34434,33629,37296,33824,31238
32821,32694,35510,33046,34244,36544,35520,34434,33629,37296,33824,31238
32752,32719,33997,33037,34237,36564,35528,34256,33632,37296,33816,31196
32766,32873,32159,32967,34237,36564,35528,34256,33632,37296,33816,31196
32810,32798,31771,32829,34237,36564,35528,34256,33632,37296,33816,31196
32752,32885,31923,32967,34237,36564,35528,34256,33632,37296,33816,31196
32768,32855,32603,32730,34237,36564,35528,34256,33632,37296,33816,31196
32749,32789,32185,32647,34237,36564,35528,34256,33632,37296,33816,31196
32806,32871,32535,32543,34237,36564,35528,34256,33632,37296,33816,31196
32770,32891,32724,32753,34237,36564,35528,34256,33632,37296,33816,31196
32718,32823,32903,32876,34237,36564,35528,34256,33632,37296,33816,31196
32745,33016,31847,32861,34237,36564,35528,34256,33632,37296,33816,31196
32763,32901,31789,32632,34232,36564,35476,34416,33624,37272,33810,31230
32715,32825,32471,32553,34232,36564,35476,34416,33624,37272,33810,31230
32850,32821,32466,32713,34232,36564,35476,34416,33624,37272,33810,31230
32854,32850,32588,32803,34232,36564,35476,34416,33624,37272,33810,31230
32760,32850,32658,32959,34232,36564,35476,34416,33624,37272,33810,31230
32740,32807,32871,32972,34232,36564,35476,34416,33624,37272,33810,31230
32783,32803,32705,32875,34232,36564,35476,34416,33624,37272,33810,31230
32751,32810,32653,32743,34232,36564,35476,34416,33624,37272,33810,31230
32787,32848,33615,32734,34232,36564,35476,34416,33624,37272,33810,31230
32744,32866,33703,32759,34232,36564,35476,34416,33624,37272,33810,31230
32839,32879,33039,32791,34235,36556,35488,34276,33624,37268,33804,31248
32869,32859,32403,32804,34235,36556,35488,34276,33624,37268,33804,31248
32790,32895,32315,32959,34235,36556,35488,34276,33624,37268,33804,31248
32754,32843,32467,32811,34235,36556,35488,34276,33624,37268,33804,31248
32759,32807,32327,32730,34235,36556,35488,34276,33624,37268,33804,31248
32818,32932,32278,32818,34235,36556,35488,34276,33624,37268,33804,31248
32790,32823,32759,32839,34235,36556,35488,34276,33624,37268,33804,31248
32766,32834,32290,32765,34235,36556,35488,34276,33624,37268,33804,31248
32748,32679,32768,32726,34235,36556,35488,34276,33624,37268,33804,31248
32732,32797,34383,32763,34235,36556,35488,34276,33624,37268,33804,31248
32684,32711,33749,32650,34234,36568,35476,34236,33648,37274,33768,31192
32690,32745,33793,32834,34234,36568,35476,34236,33648,37274,33768,31192
32681,32918,34258,32847,34234,36568,35476,34236,33648,37274,33768,31192
32689,32816,33475,32615,34234,36568,35476,34236,33648,37274,33768,31192
32729,32817,32801,32772,34234,36568,35476,34236,33648,37274,33768,31192
32735,32800,32071,32882,34234,36568,35476,34236,33648,37274,33768,31192
32704,32784,31268,32838,34234,36568,35476,34236,33648,37274,33768,31192
32794,32755,31013,32843,34234,36568,35476,34236,33648,37274,33768,31192
32810,32799,32004,32799,34234,36568,35476,34236,33648,37274,33768,31192
32793,32869,32621,32807,34234,36568,35476,34236,33648,37274,33768,31192
32798,32743,32943,32775,34248,36588,35440,34264,33642,37280,33808,31160
32846,32755,32894,32757,34248,36588,35440,34264,33642,37280,33808,31160
32868,32832,32823,32852,34248,36588,35440,34264,33642,37280,33808,31160
32828,32860,33103,32858,34248,36588,35440,34264,33642,37280,33808,31160
32794,32839,32959,32659,34248,36588,35440,34264,33642,37280,33808,31160
32810,32775,32319,32711,34248,36588,35440,34264,33642,37280,33808,31160
32819,32859,32173,32764,34248,36588,35440,34264,33642,37280,33808,31160
32800,32886,32687,32849,34248,36588,35440,34264,33642,37280,33808,31160
32754,32864,32786,32773,34248,36588,35440,34264,33642,37280,33808,31160
32753,32860,32915,32932,34248,36588,35440,34264,33642,37280,33808,31160
32792,32879,33177,32863,34244,36576,35464,34400,33640,37288,33810,31184
32836,32775,33299,32862,34244,36576,35464,34400,33640,37288,33810,31184
32741,32756,33159,32708,34244,36576,35464,34400,33640,37288,33810,31184
32720,32737,32784,32717,34244,36576,35464,34400,33640,37288,33810,31184
32775,32767,32976,32843,34244,36576,35464,34400,33640,37288,33810,31184
32798,32921,33061,32826,34244,36576,35464,34400,33640,37288,33810,31184
32712,32799,32862,32695,34244,36576,35464,34400,33640,37288,33810,31184
32749,32843,33524,32659,34244,36576,35464,34400,33640,37288,33810,31184
32752,32839,33087,32774,34244,36576,35464,34400,33640,37288,33810,31184
32797,32839,31405,32967,34244,36576,35464,34400,33640,37288,33810,31184
32713,32869,32300,32829,34264,36584,35454,34232,33639,37296,33786,31160
32673,32850,33047,32801,34264,36584,35454,34232,33639,37296,33786,31160
32724,32863,33159,32751,34264,36584,35454,34232,33639,37296,33786,31160
32758,32847,32647,32716,34264,36584,35454,34232,33639,37296,33786,31160
32800,32771,32697,32690,34264,36584,35454,34232,33639,37296,33786,31160
32760,32631,33223,32671,34264,36584,35454,34232,33639,37296,33786,31160
32669,32769,32338,32715,34264,36584,35454,34232,33639,37296,33786,31160
32693,32709,32164,32763,34264,36584,35454,34232,33639,37296,33786,31160
32762,32795,31805,32965,34264,36584,35454,34232,33639,37296,33786,31160
32744,32815,32037,32824,34264,36584,35454,34232,33639,37296,33786,31160
32806,32771,32427,32658,34268,36560,35472,34424,33640,37288,33768,31176
32757,32827,33619,32728,34268,36560,35472,34424,33640,37288,33768,31176
32808,32869,36172,32863,34268,36560,35472,34424,33640,37288,33768,31176
32751,32934,33863,32871,34268,36560,35472,34424,33640,37288,33768,31176
32775,32853,33116,32846,34268,36560,35472,34424,33640,37288,33768,31176
32884,32761,32409,32787,34268,36560,35472,34424,33640,37288,33768,31176
32756,32851,32459,32858,34268,36560,35472,34424,33640,37288,33768,31176
32750,32881,32236,32797,34268,36560,35472,34424,33640,37288,33768,31176
32726,32749,32193,32822,34268,36560,35472,34424,33640,37288,33768,31176
32809,32821,32049,32676,34268,36560,35472,34424,33640,37288,33768,31176
32820,32869,31986,32751,34252,36560,35476,34314,33640,37276,33782,31265
32806,32772,32097,32878,34252,36560,35476,34314,33640,37276,33782,31265
32827,32759,33094,32863,34252,36560,35476,34314,33640,37276,33782,31265
32825,32821,32529,32709,34252,36560,35476,34314,33640,37276,33782,31265
32704,32882,34066,32639,34252,36560,35476,34314,33640,37276,33782,31265
32692,32787,34493,32676,34252,36560,35476,34314,33640,37276,33782,31265
32706,32739,32608,32638,34252,36560,35476,34314,33640,37276,33782,31265
32749,32802,31655,32627,34252,36560,35476,34314,33640,37276,33782,31265
32741,32821,32587,32844,34252,36560,35476,34314,33640,37276,33782,31265
32712,32790,32692,32853,34252,36560,35476,34314,33640,37276,33782,31265
32768,32774,32327,32737,34242,36564,35481,34312,33640,37298,33828,31256
32763,32807,32184,32767,34242,36564,35481,34312,33640,37298,33828,31256
32848,32821,32471,32975,34242,36564,35481,34312,33640,37298,33828,31256
32810,32884,33783,33081,34242,36564,35481,34312,33640,37298,33828,31256
32796,32806,33665,33037,34242,36564,35481,34312,33640,37298,33828,31256
32794,32849,32621,32878,34242,36564,35481,34312,33640,37298,33828,31256
32807,32822,32404,32797,34242,36564,35481,34312,33640,37298,33828,31256
32793,32831,33562,32637,34242,36564,35481,34312,33640,37298,33828,31256
32816,32823,33434,32583,34242,36564,35481,34312,33640,37298,33828,31256
32832,32787,32175,32721,34242,36564,35481,34312,33640,37298,33828,31256
32716,32893,32122,32757,34244,36562,35480,34268,33625,37292,33789,31156
32733,32775,32289,32823,34244,36562,35480,34268,33625,37292,33789,31156
32780,32770,32437,32911,34244,36562,35480,34268,33625,37292,33789,31156
32728,32705,32748,32879,34244,36562,35480,34268,33625,37292,33789,31156
32704,32765,32481,32831,34244,36562,35480,34268,33625,37292,33789,31156
32719,32703,32690,32765,34244,36562,35480,34268,33625,37292,33789,31156
32740,32834,32624,32767,34244,36562,35480,34268,33625,37292,33789,31156
32801,32796,32531,32654,34244,36562,35480,34268,33625,37292,33789,31156
32775,32773,32862,32685,34244,36562,35480,34268,33625,37292,33789,31156
32701,32830,32813,32647,34244,36562,35480,34268,33625,37292,33789,31156
32680,32771,32571,32798,34226,36576,35484,34440,33636,37297,33786,31162
32762,32791,32795,32826,34226,36576,35484,34440,33636,37297,33786,31162
32792,32819,33269,32674,34226,36576,35484,34440,33636,37297,33786,31162
32791,32735,33753,32621,34226,36576,35484,34440,33636,37297,33786,31162
32758,32747,33475,32786,34226,36576,35484,34440,33636,37297,33786,31162
32792,32843,32435,32822,34226,36576,35484,34440,33636,37297,33786,31162
32784,32809,31946,32879,34226,36576,35484,34440,33636,37297,33786,31162
32739,32850,32295,32839,34226,36576,35484,34440,33636,37297,33786,31162
32741,32741,32240,32797,34226,36576,35484,34440,33636,37297,33786,31162
32786,32811,32713,32747,34226,36576,35484,34440,33636,37297,33786,31162
32752,32827,32263,32620,34228,36572,35480,34412,33628,37288,33768,31272
32692,32826,32166,32697,34228,36572,35480,34412,33628,37288,33768,31272
32722,32886,32405,32759,34228,36572,35480,34412,33628,37288,33768,31272
32674,32813,32645,32807,34228,36572,35480,34412,33628,37288,33768,31272
32775,32870,34303,32839,34228,36572,35480,34412,33628,37288,33768,31272
32753,32830,34467,32737,34228,36572,35480,34412,33628,37288,33768,31272
32820,32767,33207,32770,34228,36572,35480,34412,33628,37288,33768,31272
32775,32915,32398,32834,34228,36572,35480,34412,33628,37288,33768,31272
32770,32763,32406,32783,34228,36572,35480,34412,33628,37288,33768,31272
32779,32807,31826,32933,34228,36572,35480,34412,33628,37288,33768,31272
32789,32831,31559,32853,34260,36592,35457,34280,33621,37308,33780,31264
32774,32661,32255,32939,34260,36592,35457,34280,33621,37308,33780,31264
32771,32699,32292,32912,34260,36592,35457,34280,33621,37308,33780,31264
32740,32640,32587,32907,34260,36592,35457,34280,33621,37308,33780,31264
32706,32732,33677,32843,34260,36592,35457,34280,33621,37308,33780,31264
32775,32757,33581,32733,34260,36592,35457,34280,33621,37308,33780,31264
32786,32822,33497,32667,34260,36592,35457,34280,33621,37308,33780,31264
32770,32855,33435,32809,34260,36592,35457,34280,33621,37308,33780,31264
32781,32938,32698,32883,34260,36592,35457,34280,33621,37308,33780,31264
32768,32959,32627,32775,34260,36592,35457,34280,33621,37308,33780,31264
32758,32903,33062,32775,34236,36572,35464,34448,33608,37300,33812,31252
32693,32827,32389,32691,34236,36572,35464,34448,33608,37300,33812,31252
32730,32793,31972,32767,34236,36572,35464,34448,33608,37300,33812,31252
32728,32685,32143,32695,34236,36572,35464,34448,33608,37300,33812,31252
32718,32738,32731,32842,34236,36572,35464,34448,33608,37300,33812,31252
32730,32831,33015,32820,34236,36572,35464,34448,33608,37300,33812,31252
32733,32769,32751,32685,34236,36572,35464,34448,33608,37300,33812,31252
32784,32818,32974,32647,34236,36572,35464,34448,33608,37300,33812,31252
32760,32739,32762,32815,34236,36572,35464,34448,33608,37300,33812,31252
32790,32730,32325,32882,34236,36572,35464,34448,33608,37300,33812,31252
32681,32811,32129,32845,34256,36560,35476,34352,33644,37284,33792,31209
32748,32813,32216,32751,34256,36560,35476,34352,33644,37284,33792,31209
32742,32876,32323,32662,34256,36560,35476,34352,33644,37284,33792,31209
32745,32806,32131,32617,34256,36560,35476,34352,33644,37284,33792,31209
32766,32727,31871,32876,34256,36560,35476,34352,33644,37284,33792,31209
32786,32886,32925,32946,34256,36560,35476,34352,33644,37284,33792,31209
32710,32923,33695,32853,34256,36560,35476,34352,33644,37284,33792,31209
32804,32783,36534,32747,34256,36560,35476,34352,33644,37284,33792,31209
32822,32782,36135,32728,34256,36560,35476,34352,33644,37284,33792,31209
32790,32871,33458,32623,34256,36560,35476,34352,33644,37284,33792,31209
32743,32763,32115,32839,34232,36574,35492,34280,33622,37280,33792,31240
32787,32767,32285,32905,34232,36574,35492,34280,33622,37280,33792,31240
32844,32803,32713,32822,34232,36574,35492,34280,33622,37280,33792,31240
32790,32763,32942,32847,34232,36574,35492,34280,33622,37280,33792,31240
32794,32712,32419,32859,34232,36574,35492,34280,33622,37280,33792,31240
32824,32793,32007,32815,34232,36574,35492,34280,33622,37280,33792,31240
32818,32893,32074,32736,34232,36574,35492,34280,33622,37280,33792,31240
32851,32911,32109,32775,34232,36574,35492,34280,33622,37280,33792,31240
32894,32934,32338,32754,34232,36574,35492,34280,33622,37280,33792,31240
32790,32985,31517,32711,34232,36574,35492,34280,33622,37280,33792,31240
32826,32775,30811,32921,34244,36578,35476,34378,33629,37292,33816,31296
32832,32787,32692,32743,34244,36578,35476,34378,33629,37292,33816,31296
32810,32837,35245,32653,34244,36578,35476,34378,33629,37292,33816,31296
32757,32837,33479,32728,34244,36578,35476,34378,33629,37292,33816,31296
32690,32832,33078,32775,34244,36578,35476,34378,33629,37292,33816,31296
32723,32755,32699,32754,34244,36578,35476,34378,33629,37292,33816,31296
32752,32811,32294,32766,34244,36578,35476,34378,33629,37292,33816,31296
32727,32799,32813,32806,34244,36578,35476,34378,33629,37292,33816,31296
32699,32821,32903,32812,34244,36578,35476,34378,33629,37292,33816,31296
32732,32791,32346,32797,34244,36578,35476,34378,33629,37292,33816,31296
32736,32819,32538,32763,34232,36568,35506,34266,33625,37298,33788,31264
32718,32843,32922,32802,34232,36568,35506,34266,33625,37298,33788,31264
32752,32803,32933,32663,34232,36568,35506,34266,33625,37298,33788,31264
32742,32787,32834,32740,34232,36568,35506,34266,33625,37298,33788,31264
32784,32819,32368,32934,34232,36568,35506,34266,33625,37298,33788,31264
32748,32829,32435,32823,34232,36568,35506,34266,33625,37298,33788,31264
32738,32807,32723,32841,34232,36568,35506,34266,33625,37298,33788,31264
32786,32855,32562,32755,34232,36568,35506,34266,33625,37298,33788,31264
32829,32822,32671,32645,34232,36568,35506,34266,33625,37298,33788,31264
32765,32875,33135,32574,34232,36568,35506,34266,33625,37298,33788,31264
32714,32863,33010,32801,34217,36564,35472,34424,33616,37288,33768,31260
32730,32866,32122,32927,34217,36564,35472,34424,33616,37288,33768,31260
32768,32809,31847,32771,34217,36564,35472,34424,33616,37288,33768,31260
32758,32847,32516,32903,34217,36564,35472,34424,33616,37288,33768,31260
32784,32809,33755,32817,34217,36564,35472,34424,33616,37288,33768,31260
32740,32797,33699,32749,34217,36564,35472,34424,33616,37288,33768,31260
32762,32742,32951,32809,34217,36564,35472,34424,33616,37288,33768,31260
32741,32755,32813,32855,34217,36564,35472,34424,33616,37288,33768,31260
32786,32724,32182,32861,34217,36564,35472,34424,33616,37288,33768,31260
32833,32681,31749,32837,34217,36564,35472,34424,33616,37288,33768,31260
32779,32770,32165,32701,34217,36564,35508,34457,33618,37296,33766,31250
32818,32774,32150,32722,34217,36564,35508,34457,33618,37296,33766,31250
32815,32702,32395,32701,34217,36564,35508,34457,33618,37296,33766,31250
32828,32724,33055,32582,34217,36564,35508,34457,33618,37296,33766,31250
32832,32807,34020,32700,34217,36564,35508,34457,33618,37296,33766,31250
32835,32771,34854,32896,34217,36564,35508,34457,33618,37296,33766,31250
32820,32815,34073,32884,34217,36564,35508,34457,33618,37296,33766,31250
32716,32748,32907,32911,34217,36564,35508,34457,33618,37296,33766,31250
32715,32889,32423,32815,34217,36564,35508,34457,33618,37296,33766,31250
32737,32761,32091,32927,34217,36564,35508,34457,33618,37296,33766,31250
32704,32813,32732,32967,34216,36580,35472,34429,33616,37292,33761,31216
32786,32775,33055,32871,34216,36580,35472,34429,33616,37292,33761,31216
32703,32773,32925,32731,34216,36580,35472,34429,33616,37292,33761,31216
32734,32847,32855,32724,34216,36580,35472,34429,33616,37292,33761,31216
32719,32839,31835,32567,34216,36580,35472,34429,33616,37292,33761,31216
32733,32839,32038,32737,34216,36580,35472,34429,33616,37292,33761,31216
32733,32762,31599,32722,34216,36580,35472,34429,33616,37292,33761,31216
32684,32790,32758,32806,34216,36580,35472,34429,33616,37292,33761,31216
32740,32911,33338,32775,34216,36580,35472,34429,33616,37292,33761,31216
32730,32803,33439,32796,34216,36580,35472,34429,33616,37292,33761,31216
32765,32726,34003,32719,34208,36580,35456,34252,33620,37294,33772,31269
32726,32750,33501,32618,34208,36580,35456,34252,33620,37294,33772,31269
32767,32821,32441,32689,34208,36580,35456,34252,33620,37294,33772,31269
32823,32839,32794,32838,34208,36580,35456,34252,33620,37294,33772,31269
32779,32825,32533,32739,34208,36580,35456,34252,33620,37294,33772,31269
32717,32790,32146,32697,34208,36580,35456,34252,33620,37294,33772,31269
32736,32733,32021,32611,34208,36580,35456,34252,33620,37294,33772,31269
32717,32726,32631,32791,34208,36580,35456,34252,33620,37294,33772,31269
32774,32832,33235,32768,34208,36580,35456,34252,33620,37294,33772,31269
32760,32806,32424,32811,34208,36580,35456,34252,33620,37294,33772,31269
32752,32787,32775,32711,34200,36576,35492,34276,33616,37280,33800,31178
32817,32737,32933,32640,34200,36576,35492,34276,33616,37280,33800,31178
32733,32785,32337,32793,34200,36576,35492,34276,33616,37280,33800,31178
32765,32797,32315,32815,34200,36576,35492,34276,33616,37280,33800,31178
32758,32761,33160,32770,34200,36576,35492,34276,33616,37280,33800,31178
32775,32854,33896,32835,34200,36576,35492,34276,33616,37280,33800,31178
32756,32689,33150,32981,34200,36576,35492,34276,33616,37280,33800,31178
32757,32794,32925,32895,34200,36576,35492,34276,33616,37280,33800,31178
32736,32723,32727,32739,34200,36576,35492,34276,33616,37280,33800,31178
32800,32730,32541,32608,34200,36576,35492,34276,33616,37280,33800,31178
32756,32799,32838,32731,34216,36548,35450,34264,33624,37292,33785,31260
32705,32775,32737,32775,34216,36548,35450,34264,33624,37292,33785,31260
32703,32775,32517,32787,34216,36548,35450,34264,33624,37292,33785,31260
32798,32824,32674,32773,34216,36548,35450,34264,33624,37292,33785,31260
32786,32881,32477,32825,34216,36548,35450,34264,33624,37292,33785,31260
32758,32854,32528,32797,34216,36548,35450,34264,33624,37292,33785,31260
32772,32844,32766,32774,34216,36548,35450,34264,33624,37292,33785,31260
32735,32750,32798,32852,34216,36548,35450,34264,33624,37292,33785,31260
32732,32858,32886,32737,34216,36548,35450,34264,33624,37292,33785,31260
32775,32839,32761,32791,34216,36548,35450,34264,33624,37292,33785,31260
32786,32843,32514,32707,34213,36568,35484,34400,33632,37280,33776,31272
32774,32811,32697,32738,34213,36568,35484,34400,33632,37280,33776,31272
32766,32857,32417,32851,34213,36568,35484,34400,33632,37280,33776,31272
32737,32893,31859,32848,34213,36568,35484,34400,33632,37280,33776,31272
32751,32903,32047,32884,34213,36568,35484,34400,33632,37280,33776,31272
32745,32895,33875,32770,34213,36568,35484,34400,33632,37280,33776,31272
32799,32815,34403,32750,34213,36568,35484,34400,33632,37280,33776,31272
32788,32811,33711,32755,34213,36568,35484,34400,33632,37280,33776,31272
32834,32879,33207,32831,34213,36568,35484,34400,33632,37280,33776,31272
32803,32835,33494,32846,34213,36568,35484,34400,33632,37280,33776,31272
32832,32826,33891,32847,34240,36547,35512,34408,33660,37280,33794,31258
32830,32816,32690,32743,34240,36547,35512,34408,33660,37280,33794,31258
32880,32786,31993,32863,34240,36547,35512,34408,33660,37280,33794,31258
32824,32832,31307,32887,34240,36547,35512,34408,33660,37280,33794,31258
32715,32790,31385,32896,34240,36547,35512,34408,33660,37280,33794,31258
32740,32815,31630,32786,34240,36547,35512,34408,33660,37280,33794,31258
32775,32806,32153,32775,34240,36547,35512,34408,33660,37280,33794,31258
32787,32897,32999,32761,34240,36547,35512,34408,33660,37280,33794,31258
32751,32811,34575,32861,34240,36547,35512,34408,33660,37280,33794,31258
32713,32787,33462,32824,34240,36547,35512,34408,33660,37280,33794,31258
32690,32903,33089,32599,34224,36560,35512,34406,33636,37292,33832,31246
32688,32822,33083,32746,34224,36560,35512,34406,33636,37292,33832,31246
32740,32789,33182,32752,34224,36560,35512,34406,33636,37292,33832,31246
32756,32752,32210,32767,34224,36560,35512,34406,33636,37292,33832,31246
32748,32871,31611,32733,34224,36560,35512,34406,33636,37292,33832,31246
32748,32878,32403,32715,34224,36560,35512,34406,33636,37292,33832,31246
32811,32839,31823,32869,34224,36560,35512,34406,33636,37292,33832,31246
32804,32743,31724,32906,34224,36560,35512,34406,33636,37292,33832,31246
32724,32707,31975,32850,34224,36560,35512,34406,33636,37292,33832,31246
32793,32771,33418,32847,34224,36560,35512,34406,33636,37292,33832,31246
32780,32705,33175,32818,34234,36556,35502,34360,33647,37296,33828,31213
32733,32830,34505,32775,34234,36556,35502,34360,33647,37296,33828,31213
32751,32709,33607,32823,34234,36556,35502,34360,33647,37296,33828,31213
32748,32717,33112,32754,34234,36556,35502,34360,33647,37296,33828,31213
32743,32749,32839,32681,34234,36556,35502,34360,33647,37296,33828,31213
32725,32775,31311,32775,34234,36556,35502,34360,33647,37296,33828,31213
32676,32850,32018,32790,34234,36556,35502,34360,33647,37296,33828,31213
32698,32707,33340,32693,34234,36556,35502,34360,33647,37296,33828,31213
32687,32838,33188,32619,34234,36556,35502,34360,33647,37296,33828,31213
32679,32829,32879,32735,34234,36556,35502,34360,33647,37296,33828,31213
32737,32805,32763,32769,34248,36536,35530,34408,33628,37320,33819,31204
32716,32845,32710,32787,34248,36536,35530,34408,33628,37320,33819,31204
32743,32784,32643,32754,34248,36536,35530,34408,33628,37320,33819,31204
32718,32799,32801,32751,34248,36536,35530,34408,33628,37320,33819,31204
32740,32755,32918,32819,34248,36536,35530,34408,33628,37320,33819,31204
32761,32801,32399,32825,34248,36536,35530,34408,33628,37320,33819,31204
32785,32819,32429,32827,34248,36536,35530,34408,33628,37320,33819,31204
32775,32775,33575,32788,34248,36536,35530,34408,33628,37320,33819,31204
32752,32769,33095,32758,34248,36536,35530,34408,33628,37320,33819,31204
32775,32813,32183,32841,34248,36536,35530,34408,33628,37320,33819,31204
32802,32843,32653,32793,34240,36560,35545,34242,33632,37284,33800,31176
32846,32855,32802,32835,34240,36560,35545,34242,33632,37284,33800,31176
32824,32901,32708,32735,34240,36560,35545,34242,33632,37284,33800,31176
32768,32767,32738,32863,34240,36560,35545,34242,33632,37284,33800,31176
32793,32747,33091,32813,34240,36560,35545,34242,33632,37284,33800,31176
32796,32785,33793,32901,34240,36560,35545,34242,33632,37284,33800,31176
32780,32785,33332,32745,34240,36560,35545,34242,33632,37284,33800,31176
32809,32834,32866,32878,34240,36560,35545,34242,33632,37284,33800,31176
32821,32879,32710,32838,34240,36560,35545,34242,33632,37284,33800,31176
32798,32797,32647,32753,34240,36560,35545,34242,33632,37284,33800,31176
32775,32806,32967,32672,34264,36544,35488,34404,33646,37287,33800,31184
32756,32903,32864,32839,34264,36544,35488,34404,33646,37287,33800,31184
32760,32841,32606,32861,34264,36544,35488,34404,33646,37287,33800,31184
32732,32875,32341,32772,34264,36544,35488,34404,33646,37287,33800,31184
32750,32769,32602,32669,34264,36544,35488,34404,33646,37287,33800,31184
32731,32866,32599,32813,34264,36544,35488,34404,33646,37287,33800,31184
32742,32763,31531,32775,34264,36544,35488,34404,33646,37287,33800,31184
32761,32858,32025,32801,34264,36544,35488,34404,33646,37287,33800,31184
32744,32827,32290,32856,34264,36544,35488,34404,33646,37287,33800,31184
32820,32771,35020,32690,34264,36544,35488,34404,33646,37287,33800,31184
32752,32859,33197,32680,34252,36564,35494,34300,33656,37276,33810,31256
32726,32876,32919,32612,34252,36564,35494,34300,33656,37276,33810,31256
32729,32919,32933,32775,34252,36564,35494,34300,33656,37276,33810,31256
32723,32872,33574,32916,34252,36564,35494,34300,33656,37276,33810,31256
32714,32790,33225,32873,34252,36564,35494,34300,33656,37276,33810,31256
32708,32682,32943,32903,34252,36564,35494,34300,33656,37276,33810,31256
32789,32857,32591,32909,34252,36564,35494,34300,33656,37276,33810,31256
32739,32818,32220,32916,34252,36564,35494,34300,33656,37276,33810,31256
32740,32834,32312,32831,34252,36564,35494,34300,33656,37276,33810,31256
32792,32755,32377,32801,34252,36564,35494,34300,33656,37276,33810,31256
32752,32758,31697,32781,34280,36560,35516,34260,33668,37298,33798,31168
32849,32795,32159,32723,34280,36560,35516,34260,33668,37298,33798,31168
32870,32895,32559,32773,34280,36560,35516,34260,33668,37298,33798,31168
32774,32809,32703,32775,34280,36560,35516,34260,33668,37298,33798,31168
32775,32819,32621,32654,34280,36560,35516,34260,33668,37298,33798,31168
32816,32775,32883,32821,34280,36560,35516,34260,33668,37298,33798,31168
32794,32878,32759,32829,34280,36560,35516,34260,33668,37298,33798,31168
32734,32767,32479,32801,34280,36560,35516,34260,33668,37298,33798,31168
32826,32759,32407,32823,34280,36560,35516,34260,33668,37298,33798,31168
32750,32857,32583,32825,34280,36560,35516,34260,33668,37298,33798,31168
32802,32719,32340,32717,34276,36556,35512,34245,33644,37288,33768,31245
32782,32739,32110,32775,34276,36556,35512,34245,33644,37288,33768,31245
32791,32850,32735,32901,34276,36556,35512,34245,33644,37288,33768,31245
32743,32805,33842,32873,34276,36556,35512,34245,33644,37288,33768,31245
32782,32767,32552,32819,34276,36556,35512,34245,33644,37288,33768,31245
32768,32824,32623,32909,34276,36556,35512,34245,33644,37288,33768,31245
32757,32769,33586,32813,34276,36556,35512,34245,33644,37288,33768,31245
32770,32751,34823,32815,34276,36556,35512,34245,33644,37288,33768,31245
32783,32734,33799,32775,34276,36556,35512,34245,33644,37288,33768,31245
32754,32639,32942,32767,34276,36556,35512,34245,33644,37288,33768,31245
32752,32701,32731,32761,34277,36548,35530,34252,33654,37266,33788,31186
32798,32735,32463,32739,34277,36548,35530,34252,33654,37266,33788,31186
32796,32721,32359,32763,34277,36548,35530,34252,33654,37266,33788,31186
32791,32735,32385,32722,34277,36548,35530,34252,33654,37266,33788,31186
32740,32969,32803,32747,34277,36548,35530,34252,33654,37266,33788,31186
32768,32937,32895,32797,34277,36548,35530,34252,33654,37266,33788,31186
32704,32835,33063,32748,34277,36548,35530,34252,33654,37266,33788,31186
32731,32770,33223,32731,34277,36548,35530,34252,33654,37266,33788,31186
32805,32813,32530,32863,34277,36548,35530,34252,33654,37266,33788,31186
32783,32793,32317,32847,34277,36548,35530,34252,33654,37266,33788,31186
32790,32811,32827,32826,34260,36580,35484,34378,33656,37284,33794,31246
32786,32863,33047,32734,34260,36580,35484,34378,33656,37284,33794,31246
32786,32823,32551,32775,34260,36580,35484,34378,33656,37284,33794,31246
32788,32882,31621,32826,34260,36580,35484,34378,33656,37284,33794,31246
32839,32901,30956,32903,34260,36580,35484,34378,33656,37284,33794,31246
32771,32750,32104,32879,34260,36580,35484,34378,33656,37284,33794,31246
32780,32749,32303,32685,34260,36580,35484,34378,33656,37284,33794,31246
32678,32796,32649,32795,34260,36580,35484,34378,33656,37284,33794,31246
32748,32829,33021,32649,34260,36580,35484,34378,33656,37284,33794,31246
32740,32743,32969,32621,34260,36580,35484,34378,33656,37284,33794,31246
32762,32739,32911,32689,34266,36572,35497,34248,33644,37272,33768,31208
32811,32803,33454,32669,34266,36572,35497,34248,33644,37272,33768,31208
32784,32790,33709,32807,34266,36572,35497,34248,33644,37272,33768,31208
32809,32751,33951,32861,34266,36572,35497,34248,33644,37272,33768,31208
32790,32763,32557,33005,34266,36572,35497,34248,33644,37272,33768,31208
32713,32880,32741,32948,34266,36572,35497,34248,33644,37272,33768,31208
32699,32833,33047,32769,34266,36572,35497,34248,33644,37272,33768,31208
32770,32891,32967,32696,34266,36572,35497,34248,33644,37272,33768,31208
32721,32898,33241,32781,34266,36572,35497,34248,33644,37272,33768,31208
32712,32903,33351,32817,34266,36572,35497,34248,33644,37272,33768,31208
32684,32883,32759,32775,34244,36564,35506,34244,33626,37289,33800,31136
32809,32784,32766,32839,34244,36564,35506,34244,33626,37289,33800,31136
32756,32751,32616,32704,34244,36564,35506,34244,33626,37289,33800,31136
32733,32735,31489,32510,34244,36564,35506,34244,33626,37289,33800,31136
32803,32787,31727,32737,34244,36564,35506,34244,33626,37289,33800,31136
32786,32865,32131,32796,34244,36564,35506,34244,33626,37289,33800,31136
32747,32824,31879,32745,34244,36564,35506,34244,33626,37289,33800,31136
32786,32768,32551,32775,34244,36564,35506,34244,33626,37289,33800,31136
32815,32803,32703,32695,34244,36564,35506,34244,33626,37289,33800,31136
32786,32791,33517,32676,34244,36564,35506,34244,33626,37289,33800,31136
32800,32741,33962,32735,34249,36538,35498,34288,33640,37280,33792,31248
32748,32781,34249,32775,34249,36538,35498,34288,33640,37280,33792,31248
32693,32863,33131,32733,34249,36538,35498,34288,33640,37280,33792,31248
32730,32871,32302,32858,34249,36538,35498,34288,33640,37280,33792,31248
32683,32799,31991,32807,34249,36538,35498,34288,33640,37280,33792,31248
32704,32763,32398,32799,34249,36538,35498,34288,33640,37280,33792,31248
32742,32863,33014,32895,34249,36538,35498,34288,33640,37280,33792,31248
32766,32813,32857,32751,34249,36538,35498,34288,33640,37280,33792,31248
32753,32746,32454,32794,34249,36538,35498,34288,33640,37280,33792,31248
32784,32741,32437,32679,34249,36538,35498,34288,33640,37280,33792,31248
32828,32748,34143,32787,34240,36536,35530,34349,33643,37276,33796,31200
32792,32841,32877,32884,34240,36536,35530,34349,33643,37276,33796,31200
32796,32775,31487,32846,34240,36536,35530,34349,33643,37276,33796,31200
32788,32775,32867,32714,34240,36536,35530,34349,33643,37276,33796,31200
32744,32882,33178,32729,34240,36536,35530,34349,33643,37276,33796,31200
32698,32829,31830,32756,34240,36536,35530,34349,33643,37276,33796,31200
32808,32839,32690,32811,34240,36536,35530,34349,33643,37276,33796,31200
32750,32878,33221,32695,34240,36536,35530,34349,33643,37276,33796,31200
32741,32831,34431,32824,34240,36536,35530,34349,33643,37276,33796,31200
32739,32858,35471,32784,34240,36536,35530,34349,33643,37276,33796,31200
32808,32858,33648,32804,34232,36552,35513,34250,33668,37268,33803,31112
32828,32726,32707,32701,34232,36552,35513,34250,33668,37268,33803,31112
32786,32809,32415,32761,34232,36552,35513,34250,33668,37268,33803,31112
32770,32882,31765,32820,34232,36552,35513,34250,33668,37268,33803,31112
32784,32811,31195,32805,34232,36552,35513,34250,33668,37268,33803,31112
32795,32861,31813,32899,34232,36552,35513,34250,33668,37268,33803,31112
32756,32895,31769,32819,34232,36552,35513,34250,33668,37268,33803,31112
32709,32847,32009,32813,34232,36552,35513,34250,33668,37268,33803,31112
32768,32736,32174,32966,34232,36552,35513,34250,33668,37268,33803,31112
32804,32727,31967,32865,34232,36552,35513,34250,33668,37268,33803,31112
32724,32737,32338,32739,34222,36548,35512,34372,33632,37282,33864,31209
32784,32749,32463,32790,34222,36548,35512,34372,33632,37282,33864,31209
32760,32750,32457,32826,34222,36548,35512,34372,33632,37282,33864,31209
32770,32769,33588,32775,34222,36548,35512,34372,33632,37282,33864,31209
32797,32775,34460,32843,34222,36548,35512,34372,33632,37282,33864,31209
32813,32679,33820,32782,34222,36548,35512,34372,33632,37282,33864,31209
32792,32749,32262,32770,34222,36548,35512,34372,33632,37282,33864,31209
32798,32763,31832,32766,34222,36548,35512,34372,33632,37282,33864,31209
32714,32725,32199,32747,34222,36548,35512,34372,33632,37282,33864,31209
32788,32795,34015,32765,34222,36548,35512,34372,33632,37282,33864,31209
32843,32871,35278,32775,34228,36536,35532,34296,33650,37266,33872,31168
32758,32843,33342,32895,34228,36536,35532,34296,33650,37266,33872,31168
32772,32799,32834,32754,34228,36536,35532,34296,33650,37266,33872,31168
32705,32835,32567,32751,34228,36536,35532,34296,33650,37266,33872,31168
32762,32855,32479,32927,34228,36536,35532,34296,33650,37266,33872,31168
32794,32789,32427,32842,34228,36536,35532,34296,33650,37266,33872,31168
32760,32813,32471,32770,34228,36536,35532,34296,33650,37266,33872,31168
32783,32839,32659,32848,34228,36536,35532,34296,33650,37266,33872,31168
32780,32799,32882,32775,34228,36536,35532,34296,33650,37266,33872,31168
32774,32857,32571,32738,34228,36536,35532,34296,33650,37266,33872,31168
32768,32907,32825,32911,34228,36528,35552,34240,33614,37308,33880,31192
32775,32927,32162,32855,34228,36528,35552,34240,33614,37308,33880,31192
32698,32893,32549,32725,34228,36528,35552,34240,33614,37308,33880,31192
32693,32888,33101,32790,34228,36528,35552,34240,33614,37308,33880,31192
32684,32871,33004,32770,34228,36528,35552,34240,33614,37308,33880,31192
32758,32863,32677,32749,34228,36528,35552,34240,33614,37308,33880,31192
32747,32771,32331,32733,34228,36528,35552,34240,33614,37308,33880,31192
32740,32833,32204,32722,34228,36528,35552,34240,33614,37308,33880,31192
32708,32871,32549,32715,34228,36528,35552,34240,33614,37308,33880,31192
32763,32930,32443,32677,34228,36528,35552,34240,33614,37308,33880,31192
32792,32919,31948,32652,34228,36520,35536,34200,33632,37290,33920,31224
32704,32966,32055,32847,34228,36520,35536,34200,33632,37290,33920,31224
32750,32869,32669,32757,34228,36520,35536,34200,33632,37290,33920,31224
32770,32871,33127,32719,34228,36520,35536,34200,33632,37290,33920,31224
32802,32797,33243,32583,34228,36520,35536,34200,33632,37290,33920,31224
32791,32816,33102,32728,34228,36520,35536,34200,33632,37290,33920,31224
32787,32795,33086,32726,34228,36520,35536,34200,33632,37290,33920,31224
32792,32775,34149,32740,34228,36520,35536,34200,33632,37290,33920,31224
32838,32818,33728,32713,34228,36520,35536,34200,33632,37290,33920,31224
32827,32799,33227,32883,34228,36520,35536,34200,33632,37290,33920,31224
32750,32765,32263,32812,34216,36530,35538,34376,33656,37276,33932,31201
32760,32775,32123,32791,34216,36530,35538,34376,33656,37276,33932,31201
32763,32711,32218,32709,34216,36530,35538,34376,33656,37276,33932,31201
32827,32751,32182,32798,34216,36530,35538,34376,33656,37276,33932,31201
32822,32827,32299,32847,34216,36530,35538,34376,33656,37276,33932,31201
32775,32789,32733,32809,34216,36530,35538,34376,33656,37276,33932,31201
32746,32743,33242,32910,34216,36530,35538,34376,33656,37276,33932,31201
32759,32786,32851,32994,34216,36530,35538,34376,33656,37276,33932,31201
32714,32823,32662,32807,34216,36530,35538,34376,33656,37276,33932,31201
32691,32786,32618,32723,34216,36530,35538,34376,33656,37276,33932,31201
32681,32809,32855,32711,34244,36520,35536,34384,33652,37252,33876,31148
32710,32834,32582,32783,34244,36520,35536,34384,33652,37252,33876,31148
32783,32884,32604,32943,34244,36520,35536,34384,33652,37252,33876,31148
32738,32775,32807,32899,34244,36520,35536,34384,33652,37252,33876,31148
32721,32742,32773,32839,34244,36520,35536,34384,33652,37252,33876,31148
32752,32768,33102,32706,34244,36520,35536,34384,33652,37252,33876,31148
32721,32771,32903,32525,34244,36520,35536,34384,33652,37252,33876,31148
32705,32772,32832,32519,34244,36520,35536,34384,33652,37252,33876,31148
32790,32839,32589,32877,34244,36520,35536,34384,33652,37252,33876,31148
32787,32835,32487,32911,34244,36520,35536,34384,33652,37252,33876,31148
32814,32871,33731,32822,34244,36524,35540,34297,33656,37268,33880,31184
32771,32793,34216,32841,34244,36524,35540,34297,33656,37268,33880,31184
32749,32871,32733,32877,34244,36524,35540,34297,33656,37268,33880,31184
32775,32773,32359,32836,34244,36524,35540,34297,33656,37268,33880,31184
32741,32763,33157,32823,34244,36524,35540,34297,33656,37268,33880,31184
32770,32827,33699,32769,34244,36524,35540,34297,33656,37268,33880,31184
32772,32826,33102,32895,34244,36524,35540,34297,33656,37268,33880,31184
32803,32861,32945,32919,34244,36524,35540,34297,33656,37268,33880,31184
32772,32845,33511,32863,34244,36524,35540,34297,33656,37268,33880,31184
32793,32861,32561,32848,34244,36524,35540,34297,33656,37268,33880,31184
32825,32871,31775,32806,34254,36536,35512,34348,33672,37280,33876,31149
32772,32731,31564,32810,34254,36536,35512,34348,33672,37280,33876,31149
32840,32679,31535,32766,34254,36536,35512,34348,33672,37280,33876,31149
32794,32739,31727,32737,34254,36536,35512,34348,33672,37280,33876,31149
32800,32775,31925,32834,34254,36536,35512,34348,33672,37280,33876,31149
32824,32718,33327,32741,34254,36536,35512,34348,33672,37280,33876,31149
32787,32775,34031,32677,34254,36536,35512,34348,33672,37280,33876,31149
32834,32761,33943,32750,34254,36536,35512,34348,33672,37280,33876,31149
32826,32839,32863,32692,34254,36536,35512,34348,33672,37280,33876,31149
32848,32795,32950,32775,34254,36536,35512,34348,33672,37280,33876,31149
32814,32775,33908,32760,34244,36546,35520,34361,33664,37281,33848,31132
32796,32846,32357,32733,34244,36546,35520,34361,33664,37281,33848,31132
32730,32885,32236,32790,34244,36546,35520,34361,33664,37281,33848,31132
32705,32762,32625,32772,34244,36546,35520,34361,33664,37281,33848,31132
32759,32791,32871,32677,34244,36546,35520,34361,33664,37281,33848,31132
32691,32759,32562,32785,34244,36546,35520,34361,33664,37281,33848,31132
32739,32783,32519,32627,34244,36546,35520,34361,33664,37281,33848,31132
32677,32876,33303,32703,34244,36546,35520,34361,33664,37281,33848,31132
32699,32832,34551,32751,34244,36546,35520,34361,33664,37281,33848,31132
32713,32723,33237,32867,34244,36546,35520,34361,33664,37281,33848,31132
32717,32827,31870,32884,34256,36544,35508,34216,33666,37272,33872,31152
32748,32807,31641,32775,34256,36544,35508,34216,33666,37272,33872,31152
32806,32811,31651,32787,34256,36544,35508,34216,33666,37272,33872,31152
32783,32786,32018,32735,34256,36544,35508,34216,33666,37272,33872,31152
32808,32771,33885,32802,34256,36544,35508,34216,33666,37272,33872,31152
32829,32751,33193,32843,34256,36544,35508,34216,33666,37272,33872,31152
32824,32813,32848,32781,34256,36544,35508,34216,33666,37272,33872,31152
32761,32826,32787,32846,34256,36544,35508,34216,33666,37272,33872,31152
32773,32813,32453,32822,34256,36544,35508,34216,33666,37272,33872,31152
32809,32806,32207,32735,34256,36544,35508,34216,33666,37272,33872,31152
32768,32739,32649,32823,34256,36532,35458,34332,33668,37280,33872,31148
32745,32818,32341,32823,34256,36532,35458,34332,33668,37280,33872,31148
32788,32855,33094,32806,34256,36532,35458,34332,33668,37280,33872,31148
32761,32791,33027,32815,34256,36532,35458,34332,33668,37280,33872,31148
32755,32833,32707,32659,34256,36532,35458,34332,33668,37280,33872,31148
32744,32963,33051,32767,34256,36532,35458,34332,33668,37280,33872,31148
32803,32934,33335,32695,34256,36532,35458,34332,33668,37280,33872,31148
32802,32893,32866,32729,34256,36532,35458,34332,33668,37280,33872,31148
32763,32914,32787,32832,34256,36532,35458,34332,33668,37280,33872,31148
32786,32946,32471,32799,34256,36532,35458,34332,33668,37280,33872,31148
32747,32891,31827,32797,34230,36568,35460,34319,33656,37292,33872,31080
32734,32885,31911,32785,34230,36568,35460,34319,33656,37292,33872,31080
32649,32897,32119,32851,34230,36568,35460,34319,33656,37292,33872,31080
32676,32873,32660,32789,34230,36568,35460,34319,33656,37292,33872,31080
32741,32854,32513,32667,34230,36568,35460,34319,33656,37292,33872,31080
32732,32838,31965,32789,34230,36568,35460,34319,33656,37292,33872,31080
32807,32897,32821,32838,34230,36568,35460,34319,33656,37292,33872,31080
32786,32924,34869,32833,34230,36568,35460,34319,33656,37292,33872,31080
32741,32767,35622,32775,34230,36568,35460,34319,33656,37292,33872,31080
32768,32751,33583,32766,34230,36568,35460,34319,33656,37292,33872,31080
32746,32743,33166,32857,34256,36537,35506,34240,33636,37314,33884,31118
32791,32811,32367,32764,34256,36537,35506,34240,33636,37314,33884,31118
32773,32775,31796,32775,34256,36537,35506,34240,33636,37314,33884,31118
32774,32790,31782,32773,34256,36537,35506,34240,33636,37314,33884,31118
32756,32845,31100,32763,34256,36537,35506,34240,33636,37314,33884,31118
32786,32722,31993,32775,34256,36537,35506,34240,33636,37314,33884,31118
32876,32761,33751,32886,34256,36537,35506,34240,33636,37314,33884,31118
32840,32815,33094,32827,34256,36537,35506,34240,33636,37314,33884,31118
32775,32775,32421,32873,34256,36537,35506,34240,33636,37314,33884,31118
32766,32730,33728,32818,34256,36537,35506,34240,33636,37314,33884,31118
32798,32803,35442,32788,34200,36568,35456,34290,33624,37280,33896,31068
32796,32686,33703,32667,34200,36568,35456,34290,33624,37280,33896,31068
32801,32793,32600,32807,34200,36568,35456,34290,33624,37280,33896,31068
32719,32825,32255,32809,34200,36568,35456,34290,33624,37280,33896,31068
32669,32821,32341,32839,34200,36568,35456,34290,33624,37280,33896,31068
32706,32870,31863,32765,34200,36568,35456,34290,33624,37280,33896,31068
32752,32847,31655,32790,34200,36568,35456,34290,33624,37280,33896,31068
32817,32839,32131,32797,34200,36568,35456,34290,33624,37280,33896,31068
32719,32806,32619,32745,34200,36568,35456,34290,33624,37280,33896,31068
32763,32647,31748,32792,34200,36568,35456,34290,33624,37280,33896,31068
32740,32711,30987,32718,34224,36540,35464,34216,33666,37248,33912,31144
32737,32765,32242,32731,34224,36540,35464,34216,33666,37248,33912,31144
32744,32787,34783,32709,34224,36540,35464,34216,33666,37248,33912,31144
32805,32909,35343,32667,34224,36540,35464,34216,33666,37248,33912,31144
32843,32810,32627,32519,34224,36540,35464,34216,33666,37248,33912,31144
32787,32794,31941,32711,34224,36540,35464,34216,33666,37248,33912,31144
32757,32827,32128,32699,34224,36540,35464,34216,33666,37248,33912,31144
32729,32843,32497,32703,34224,36540,35464,34216,33666,37248,33912,31144
32715,32813,34003,32831,34224,36540,35464,34216,33666,37248,33912,31144
32741,32752,32829,32870,34224,36540,35464,34216,33666,37248,33912,31144
32759,32855,32282,32821,34232,36544,35466,34224,33654,37284,33910,31056
32765,32864,32429,32885,34232,36544,35466,34224,33654,37284,33910,31056
32735,32775,32031,32960,34232,36544,35466,34224,33654,37284,33910,31056
32728,32739,31715,32913,34232,36544,35466,34224,33654,37284,33910,31056
32700,32795,32000,32930,34232,36544,35466,34224,33654,37284,33910,31056
32678,32834,33603,32958,34232,36544,35466,34224,33654,37284,33910,31056
32717,32805,33199,32896,34232,36544,35466,34224,33654,37284,33910,31056
32683,32745,32005,32896,34232,36544,35466,34224,33654,37284,33910,31056
32715,32935,33103,32855,34232,36544,35466,34224,33654,37284,33910,31056
32784,32933,35639,32594,34232,36544,35466,34224,33654,37284,33910,31056
32773,32785,33360,32583,34234,36538,35464,34392,33680,37265,33916,31072
32667,32875,32169,32736,34234,36538,35464,34392,33680,37265,33916,31072
32714,32887,32206,32709,34234,36538,35464,34392,33680,37265,33916,31072
32698,32837,32263,32697,34234,36538,35464,34392,33680,37265,33916,31072
32738,32835,32935,32670,34234,36538,35464,34392,33680,37265,33916,31072
32720,32840,32211,32721,34234,36538,35464,34392,33680,37265,33916,31072
32825,32898,32206,32707,34234,36538,35464,34392,33680,37265,33916,31072
32824,32892,33755,32583,34234,36538,35464,34392,33680,37265,33916,31072
32846,32806,32829,32687,34234,36538,35464,34392,33680,37265,33916,31072
32818,32743,33093,32847,34234,36538,35464,34392,33680,37265,33916,31072
32827,32848,32766,32923,34220,36569,35476,34364,33658,37280,33868,31080
32849,32883,34127,32795,34220,36569,35476,34364,33658,37280,33868,31080
32810,32807,32400,32901,34220,36569,35476,34364,33658,37280,33868,31080
32804,32775,32115,32886,34220,36569,35476,34364,33658,37280,33868,31080
32756,32722,32519,32750,34220,36569,35476,34364,33658,37280,33868,31080
32832,32775,32609,32929,34220,36569,35476,34364,33658,37280,33868,31080
32794,32719,32487,32867,34220,36569,35476,34364,33658,37280,33868,31080
32738,32791,32597,32751,34220,36569,35476,34364,33658,37280,33868,31080
32837,32656,32915,32802,34220,36569,35476,34364,33658,37280,33868,31080
32815,32770,32863,32897,34220,36569,35476,34364,33658,37280,33868,31080
32816,32764,32651,32866,34248,36560,35438,34308,33660,37268,33846,31136
32763,32676,32727,32751,34248,36560,35438,34308,33660,37268,33846,31136
32778,32757,33049,32872,34248,36560,35438,34308,33660,37268,33846,31136
32738,32815,32935,32805,34248,36560,35438,34308,33660,37268,33846,31136
32747,32813,32786,32670,34248,36560,35438,34308,33660,37268,33846,31136
32759,32871,32658,32745,34248,36560,35438,34308,33660,37268,33846,31136
32709,32785,32359,32825,34248,36560,35438,34308,33660,37268,33846,31136
32694,32761,32461,32719,34248,36560,35438,34308,33660,37268,33846,31136
32732,32831,32352,32775,34248,36560,35438,34308,33660,37268,33846,31136
32724,32866,31901,32785,34248,36560,35438,34308,33660,37268,33846,31136
32825,32775,31343,32743,34256,36552,35428,34408,33656,37288,33850,31128
32808,32741,32378,32759,34256,36552,35428,34408,33656,37288,33850,31128
32782,32787,33298,32839,34256,36552,35428,34408,33656,37288,33850,31128
32786,32719,33434,32734,34256,36552,35428,34408,33656,37288,33850,31128
32739,32763,32585,32691,34256,36552,35428,34408,33656,37288,33850,31128
32774,32930,32741,32839,34256,36552,35428,34408,33656,37288,33850,31128
32734,32805,32879,32783,34256,36552,35428,34408,33656,37288,33850,31128
32734,32840,33003,32786,34256,36552,35428,34408,33656,37288,33850,31128
32741,32883,32969,32882,34256,36552,35428,34408,33656,37288,33850,31128
32707,32912,33383,32815,34256,36552,35428,34408,33656,37288,33850,31128
32740,32833,34031,32838,34240,36568,35442,34260,33644,37276,33842,31108
32696,32809,33536,32871,34240,36568,35442,34260,33644,37276,33842,31108
32740,32775,32550,32887,34240,36568,35442,34260,33644,37276,33842,31108
32721,32887,31965,32937,34240,36568,35442,34260,33644,37276,33842,31108
32811,32752,31791,32903,34240,36568,35442,34260,33644,37276,33842,31108
32789,32685,32826,32805,34240,36568,35442,34260,33644,37276,33842,31108
32768,32836,33929,32735,34240,36568,35442,34260,33644,37276,33842,31108
32739,32738,32891,32743,34240,36568,35442,34260,33644,37276,33842,31108
32768,32827,31909,32806,34240,36568,35442,34260,33644,37276,33842,31108
32747,32829,32341,32775,34240,36568,35442,34260,33644,37276,33842,31108
32770,32774,32635,32795,34244,36580,35434,34365,33640,37298,33836,31124
32707,32899,33511,32741,34244,36580,35434,34365,33640,37298,33836,31124
32781,32799,33351,32710,34244,36580,35434,34365,33640,37298,33836,31124
32800,32880,33374,32695,34244,36580,35434,34365,33640,37298,33836,31124
32771,32802,32990,32761,34244,36580,35434,34365,33640,37298,33836,31124
32706,32747,31682,32821,34244,36580,35434,34365,33640,37298,33836,31124
32738,32939,32241,32789,34244,36580,35434,34365,33640,37298,33836,31124
32710,32865,32848,32751,34244,36580,35434,34365,33640,37298,33836,31124
32741,32883,32590,32636,34244,36580,35434,34365,33640,37298,33836,31124
32702,32841,32550,32767,34244,36580,35434,34365,33640,37298,33836,31124
32774,32785,32623,32791,34240,36576,35444,34364,33652,37272,33828,31098
32769,32839,32951,32775,34240,36576,35444,34364,33652,37272,33828,31098
32792,32869,33645,32706,34240,36576,35444,34364,33652,37272,33828,31098
32751,32858,33890,32775,34240,36576,35444,34364,33652,37272,33828,31098
32733,32903,32733,32795,34240,36576,35444,34364,33652,37272,33828,31098
32775,32863,32809,32775,34240,36576,35444,34364,33652,37272,33828,31098
32762,32858,32315,32903,34240,36576,35444,34364,33652,37272,33828,31098
32779,32817,32357,32857,34240,36576,35444,34364,33652,37272,33828,31098
32749,32871,31631,32743,34240,36576,35444,34364,33652,37272,33828,31098
32764,32759,31423,32597,34240,36576,35444,34364,33652,37272,33828,31098
32775,32797,31911,32851,34257,36571,35436,34408,33656,37272,33832,31096
32722,32820,31809,32903,34257,36571,35436,34408,33656,37272,33832,31096
32804,32751,34455,32797,34257,36571,35436,34408,33656,37272,33832,31096
32794,32699,36171,32809,34257,36571,35436,34408,33656,37272,33832,31096
32817,32735,33454,32896,34257,36571,35436,34408,33656,37272,33832,31096
32723,32762,32228,32847,34257,36571,35436,34408,33656,37272,33832,31096
32749,32765,31858,32739,34257,36571,35436,34408,33656,37272,33832,31096
32804,32768,31737,32631,34257,36571,35436,34408,33656,37272,33832,31096
32768,32775,33369,32635,34257,36571,35436,34408,33656,37272,33832,31096
32828,32772,32870,32613,34257,36571,35436,34408,33656,37272,33832,31096
32888,32875,32463,32683,34244,36568,35424,34346,33668,37280,33827,31076
32757,32823,35029,32829,34244,36568,35424,34346,33668,37280,33827,31076
32775,32754,33897,32775,34244,36568,35424,34346,33668,37280,33827,31076
32834,32795,32773,32687,34244,36568,35424,34346,33668,37280,33827,31076
32767,32871,32336,32783,34244,36568,35424,34346,33668,37280,33827,31076
32719,32887,32312,32864,34244,36568,35424,34346,33668,37280,33827,31076
32747,32775,32249,32662,34244,36568,35424,34346,33668,37280,33827,31076
32768,32821,31959,32733,34244,36568,35424,34346,33668,37280,33827,31076
32690,32847,32055,32843,34244,36568,35424,34346,33668,37280,33827,31076
32765,32791,32210,32825,34244,36568,35424,34346,33668,37280,33827,31076
32758,32807,32409,32753,34236,36576,35392,34328,33664,37268,33834,31074
32850,32722,32295,32793,34236,36576,35392,34328,33664,37268,33834,31074
32782,32735,32368,32806,34236,36576,35392,34328,33664,37268,33834,31074
32782,32749,33665,32767,34236,36576,35392,34328,33664,37268,33834,31074
32760,32685,33403,32714,34236,36576,35392,34328,33664,37268,33834,31074
32801,32771,32930,32797,34236,36576,35392,34328,33664,37268,33834,31074
32818,32865,32623,32869,34236,36576,35392,34328,33664,37268,33834,31074
32784,32871,32247,32755,34236,36576,35392,34328,33664,37268,33834,31074
32782,32888,32922,32813,34236,36576,35392,34328,33664,37268,33834,31074
32793,32825,33239,32828,34236,36576,35392,34328,33664,37268,33834,31074
32770,32750,32134,32775,34252,36584,35368,34428,33660,37272,33840,31112
32793,32772,32271,32869,34252,36584,35368,34428,33660,37272,33840,31112
32720,32811,33495,32837,34252,36584,35368,34428,33660,37272,33840,31112
32675,32827,33703,32895,34252,36584,35368,34428,33660,37272,33840,31112
32774,32799,33617,32832,34252,36584,35368,34428,33660,37272,33840,31112
32746,32892,32914,32873,34252,36584,35368,34428,33660,37272,33840,31112
32746,32853,32249,32811,34252,36584,35368,34428,33660,37272,33840,31112
32741,32903,32079,32717,34252,36584,35368,34428,33660,37272,33840,31112
32666,32790,32515,32479,34252,36584,35368,34428,33660,37272,33840,31112
32654,32838,33355,32598,34252,36584,35368,34428,33660,37272,33840,31112
32759,32887,32555,32619,34256,36592,35392,34412,33669,37288,33804,31084
32716,32810,32321,32635,34256,36592,35392,34412,33669,37288,33804,31084
32730,32818,32841,32973,34256,36592,35392,34412,33669,37288,33804,31084
32724,32847,33581,33051,34256,36592,35392,34412,33669,37288,33804,31084
32705,32824,32009,33045,34256,36592,35392,34412,33669,37288,33804,31084
32735,32774,32411,32959,34256,36592,35392,34412,33669,37288,33804,31084
32654,32799,32611,32967,34256,36592,35392,34412,33669,37288,33804,31084
32755,32738,32742,32931,34256,36592,35392,34412,33669,37288,33804,31084
32758,32743,32373,32839,34256,36592,35392,34412,33669,37288,33804,31084
32758,32789,32606,32584,34256,36592,35392,34412,33669,37288,33804,31084
32768,32726,32567,32705,34252,36608,35369,34242,33648,37276,33764,31088
32861,32823,32423,32691,34252,36608,35369,34242,33648,37276,33764,31088
32797,32775,33366,32703,34252,36608,35369,34242,33648,37276,33764,31088
32830,32767,34176,32617,34252,36608,35369,34242,33648,37276,33764,31088
32802,32895,33106,32711,34252,36608,35369,34242,33648,37276,33764,31088
32868,32859,33588,32817,34252,36608,35369,34242,33648,37276,33764,31088
32840,32887,32935,32786,34252,36608,35369,34242,33648,37276,33764,31088
32794,32819,32328,32775,34252,36608,35369,34242,33648,37276,33764,31088
32726,32772,31538,32846,34252,36608,35369,34242,33648,37276,33764,31088
32746,32879,31849,32763,34252,36608,35369,34242,33648,37276,33764,31088
32729,32771,31879,32679,34252,36632,35368,34400,33664,37284,33792,31090
32741,32774,32571,32518,34252,36632,35368,34400,33664,37284,33792,31090
32726,32817,32483,32774,34252,36632,35368,34400,33664,37284,33792,31090
32756,32791,32766,32800,34252,36632,35368,34400,33664,37284,33792,31090
32805,32839,34245,32762,34252,36632,35368,34400,33664,37284,33792,31090
32758,32765,34247,32826,34252,36632,35368,34400,33664,37284,33792,31090
32770,32833,32770,32816,34252,36632,35368,34400,33664,37284,33792,31090
32805,32863,31943,32855,34252,36632,35368,34400,33664,37284,33792,31090
32809,32765,30903,32764,34252,36632,35368,34400,33664,37284,33792,31090
32770,32855,31115,32898,34252,36632,35368,34400,33664,37284,33792,31090
32738,32813,31973,32873,34276,36629,35362,34420,33666,37272,33760,31073
32693,32910,33042,32783,34276,36629,35362,34420,33666,37272,33760,31073
32718,32857,34850,32757,34276,36629,35362,34420,33666,37272,33760,31073
32720,32811,35255,32831,34276,36629,35362,34420,33666,37272,33760,31073
32694,32771,33381,32837,34276,36629,35362,34420,33666,37272,33760,31073
32786,32855,32631,32727,34276,36629,35362,34420,33666,37272,33760,31073
32809,32720,32491,32670,34276,36629,35362,34420,33666,37272,33760,31073
32836,32684,32639,32799,34276,36629,35362,34420,33666,37272,33760,31073
32768,32827,32908,32794,34276,36629,35362,34420,33666,37272,33760,31073
32848,32762,32891,32893,34276,36629,35362,34420,33666,37272,33760,31073
32876,32812,32982,32775,34274,36632,35357,34348,33660,37296,33776,31074
32862,32863,32663,32820,34274,36632,35357,34348,33660,37296,33776,31074
32747,32828,32790,32859,34274,36632,35357,34348,33660,37296,33776,31074
32721,32880,33039,32886,34274,36632,35357,34348,33660,37296,33776,31074
32744,32863,32494,32675,34274,36632,35357,34348,33660,37296,33776,31074
32639,32826,32258,32789,34274,36632,35357,34348,33660,37296,33776,31074
32763,32797,32309,32823,34274,36632,35357,34348,33660,37296,33776,31074
32730,32839,32631,32801,34274,36632,35357,34348,33660,37296,33776,31074
32775,32755,32801,32711,34274,36632,35357,34348,33660,37296,33776,31074
32752,32799,32812,32819,34274,36632,35357,34348,33660,37296,33776,31074
32742,32800,32647,32766,34288,36624,35344,34380,33664,37293,33740,31108
32742,32823,32514,32752,34288,36624,35344,34380,33664,37293,33740,31108
32740,32835,32924,32685,34288,36624,35344,34380,33664,37293,33740,31108
32748,32723,32841,32626,34288,36624,35344,34380,33664,37293,33740,31108
32809,32771,32512,32717,34288,36624,35344,34380,33664,37293,33740,31108
32772,32685,32626,32765,34288,36624,35344,34380,33664,37293,33740,31108
32750,32759,32949,32760,34288,36624,35344,34380,33664,37293,33740,31108
32770,32802,32759,32695,34288,36624,35344,34380,33664,37293,33740,31108
32779,32811,32823,32858,34288,36624,35344,34380,33664,37293,33740,31108
32764,32923,32655,32919,34288,36624,35344,34380,33664,37293,33740,31108
32824,32910,32229,32866,34292,36632,35352,34248,33652,37292,33746,31032
32834,33027,33563,32823,34292,36632,35352,34248,33652,37292,33746,31032
32804,32923,32876,32790,34292,36632,35352,34248,33652,37292,33746,31032
32805,32931,33105,32631,34292,36632,35352,34248,33652,37292,33746,31032
32725,32808,33229,32775,34292,36632,35352,34248,33652,37292,33746,31032
32790,32824,33124,32755,34292,36632,35352,34248,33652,37292,33746,31032
32756,32807,33013,32729,34292,36632,35352,34248,33652,37292,33746,31032
32738,32839,32909,32845,34292,36632,35352,34248,33652,37292,33746,31032
32669,32855,32984,32791,34292,36632,35352,34248,33652,37292,33746,31032
32679,32796,32551,32653,34292,36632,35352,34248,33652,37292,33746,31032
32765,32714,31687,32641,34280,36660,35344,34336,33664,37304,33708,31146
32728,32738,32443,32845,34280,36660,35344,34336,33664,37304,33708,31146
32748,32731,32678,32789,34280,36660,35344,34336,33664,37304,33708,31146
32716,32775,31885,32899,34280,36660,35344,34336,33664,37304,33708,31146
32719,32690,32178,32871,34280,36660,35344,34336,33664,37304,33708,31146
32767,32668,32357,32813,34280,36660,35344,34336,33664,37304,33708,31146
32747,32790,33355,32775,34280,36660,35344,34336,33664,37304,33708,31146
32775,32833,33250,32647,34280,36660,35344,34336,33664,37304,33708,31146
32763,32791,32037,32818,34280,36660,35344,34336,33664,37304,33708,31146
32778,32799,31395,32824,34280,36660,35344,34336,33664,37304,33708,31146
32782,32773,32891,32710,34280,36634,35356,34308,33656,37296,33720,31124
32815,32835,32654,32783,34280,36634,35356,34308,33656,37296,33720,31124
32819,32823,32245,32908,34280,36634,35356,34308,33656,37296,33720,31124
32845,32737,33543,32889,34280,36634,35356,34308,33656,37296,33720,31124
32818,32767,35917,32819,34280,36634,35356,34308,33656,37296,33720,31124
32838,32900,34790,32771,34280,36634,35356,34308,33656,37296,33720,31124
32841,32962,33719,32751,34280,36634,35356,34308,33656,37296,33720,31124
32852,32935,34227,32754,34280,36634,35356,34308,33656,37296,33720,31124
32794,32890,32997,32873,34280,36634,35356,34308,33656,37296,33720,31124
32820,32866,31124,32839,34280,36634,35356,34308,33656,37296,33720,31124
32762,32847,30312,32897,34289,36624,35349,34244,33688,37276,33724,31120
32713,32839,30692,32898,34289,36624,35349,34244,33688,37276,33724,31120
32691,32871,31871,32884,34289,36624,35349,34244,33688,37276,33724,31120
32672,32833,33279,32665,34289,36624,35349,34244,33688,37276,33724,31120
32740,32770,35703,32706,34289,36624,35349,34244,33688,37276,33724,31120
32698,32713,34765,32783,34289,36624,35349,34244,33688,37276,33724,31120
32696,32775,32939,32772,34289,36624,35349,34244,33688,37276,33724,31120
32688,32805,32122,32605,34289,36624,35349,34244,33688,37276,33724,31120
32767,32775,31130,32835,34289,36624,35349,34244,33688,37276,33724,31120
32755,32883,32437,32826,34289,36624,35349,34244,33688,37276,33724,31120
32850,32859,32825,32670,34298,36628,35342,34260,33680,37282,33721,31132
32750,32822,32515,32666,34298,36628,35342,34260,33680,37282,33721,31132
32786,32791,32019,32711,34298,36628,35342,34260,33680,37282,33721,31132
32758,32718,31751,32848,34298,36628,35342,34260,33680,37282,33721,31132
32716,32771,31877,32808,34298,36628,35342,34260,33680,37282,33721,31132
32736,32847,32367,32888,34298,36628,35342,34260,33680,37282,33721,31132
32790,32767,32807,32975,34298,36628,35342,34260,33680,37282,33721,31132
32788,32797,32342,32855,34298,36628,35342,34260,33680,37282,33721,31132
32782,32761,33167,32831,34298,36628,35342,34260,33680,37282,33721,31132
32854,32795,34786,32807,34298,36628,35342,34260,33680,37282,33721,31132
32785,32783,33719,32701,34290,36630,35330,34284,33664,37300,33712,31104
32710,32797,32873,32603,34290,36630,35330,34284,33664,37300,33712,31104
32741,32697,32650,32694,34290,36630,35330,34284,33664,37300,33712,31104
32803,32765,32383,32775,34290,36630,35330,34284,33664,37300,33712,31104
32748,32790,32462,32914,34290,36630,35330,34284,33664,37300,33712,31104
32790,32927,32134,32799,34290,36630,35330,34284,33664,37300,33712,31104
32822,32903,33737,32863,34290,36630,35330,34284,33664,37300,33712,31104
32846,32857,33095,32922,34290,36630,35330,34284,33664,37300,33712,31104
32778,32845,32783,32813,34290,36630,35330,34284,33664,37300,33712,31104
32794,32854,32205,32731,34290,36630,35330,34284,33664,37300,33712,31104
32781,32774,32323,32821,34308,36624,35330,34362,33680,37280,33732,31096
32646,32739,32368,32775,34308,36624,35330,34362,33680,37280,33732,31096
32649,32769,32660,32699,34308,36624,35330,34362,33680,37280,33732,31096
32743,32691,32981,32720,34308,36624,35330,34362,33680,37280,33732,31096
32736,32683,33387,32680,34308,36624,35330,34362,33680,37280,33732,31096
32716,32669,33683,32519,34308,36624,35330,34362,33680,37280,33732,31096
32706,32872,32878,32724,34308,36624,35330,34362,33680,37280,33732,31096
32720,33015,32055,32835,34308,36624,35330,34362,33680,37280,33732,31096
32799,32915,32118,32612,34308,36624,35330,34362,33680,37280,33732,31096
32712,32932,32412,32791,34308,36624,35330,34362,33680,37280,33732,31096
32738,32934,32767,33023,34300,36612,35314,34346,33676,37289,33708,31088
32714,32933,32850,32877,34300,36612,35314,34346,33676,37289,33708,31088
32746,32810,32823,32719,34300,36612,35314,34346,33676,37289,33708,31088
32786,32849,32411,32770,34300,36612,35314,34346,33676,37289,33708,31088
32800,32824,32876,32763,34300,36612,35314,34346,33676,37289,33708,31088
32775,32711,32843,32734,34300,36612,35314,34346,33676,37289,33708,31088
32693,32719,32598,32791,34300,36612,35314,34346,33676,37289,33708,31088
32772,32738,32619,32821,34300,36612,35314,34346,33676,37289,33708,31088
32817,32717,32923,32782,34300,36612,35314,34346,33676,37289,33708,31088
32754,32684,32751,32843,34300,36612,35314,34346,33676,37289,33708,31088
32789,32670,32733,32866,34284,36627,35332,34400,33688,37288,33720,31042
32750,32794,32946,32784,34284,36627,35332,34400,33688,37288,33720,31042
32824,32790,32830,32709,34284,36627,35332,34400,33688,37288,33720,31042
32839,32723,32626,32751,34284,36627,35332,34400,33688,37288,33720,31042
32805,32720,32431,32802,34284,36627,35332,34400,33688,37288,33720,31042
32808,32769,32590,32787,34284,36627,35332,34400,33688,37288,33720,31042
32813,32803,32759,32903,34284,36627,35332,34400,33688,37288,33720,31042
32880,32893,33766,32909,34284,36627,35332,34400,33688,37288,33720,31042
32768,32921,33574,32786,34284,36627,35332,34400,33688,37288,33720,31042
32775,32879,33029,32871,34284,36627,35332,34400,33688,37288,33720,31042
32766,32943,32857,32835,34276,36619,35352,34396,33662,37306,33736,31112
32795,32919,32605,32854,34276,36619,35352,34396,33662,37306,33736,31112
32728,32839,32618,32845,34276,36619,35352,34396,33662,37306,33736,31112
32741,32873,32889,32815,34276,36619,35352,34396,33662,37306,33736,31112
32724,32904,32863,32710,34276,36619,35352,34396,33662,37306,33736,31112
32790,32775,32652,32715,34276,36619,35352,34396,33662,37306,33736,31112
32748,32834,32774,32762,34276,36619,35352,34396,33662,37306,33736,31112
32820,32811,32925,32743,34276,36619,35352,34396,33662,37306,33736,31112
32741,32919,32983,32803,34276,36619,35352,34396,33662,37306,33736,31112
32774,32829,32711,32775,34276,36619,35352,34396,33662,37306,33736,31112
32804,32819,32848,32727,34253,36636,35336,34400,33664,37280,33752,31085
32745,32838,32495,32775,34253,36636,35336,34400,33664,37280,33752,31085
32695,32871,32215,32775,34253,36636,35336,34400,33664,37280,33752,31085
32678,32829,32378,32723,34253,36636,35336,34400,33664,37280,33752,31085
32707,32812,32557,32645,34253,36636,35336,34400,33664,37280,33752,31085
32760,32787,32606,32685,34253,36636,35336,34400,33664,37280,33752,31085
32742,32764,32511,32836,34253,36636,35336,34400,33664,37280,33752,31085
32759,32742,32550,32841,34253,36636,35336,34400,33664,37280,33752,31085
32805,32831,32621,32803,34253,36636,35336,34400,33664,37280,33752,31085
32807,32825,32194,32822,34253,36636,35336,34400,33664,37280,33752,31085
32789,32814,32971,32885,34275,36624,35357,34322,33648,37302,33754,31084
32770,32759,33612,32913,34275,36624,35357,34322,33648,37302,33754,31084
32802,32771,33487,32831,34275,36624,35357,34322,33648,37302,33754,31084
32762,32855,32638,32685,34275,36624,35357,34322,33648,37302,33754,31084
32765,32873,32391,32758,34275,36624,35357,34322,33648,37302,33754,31084
32738,32748,32455,32707,34275,36624,35357,34322,33648,37302,33754,31084
32705,32807,32194,32805,34275,36624,35357,34322,33648,37302,33754,31084
32685,32956,32101,32813,34275,36624,35357,34322,33648,37302,33754,31084
32677,32916,32103,32881,34275,36624,35357,34322,33648,37302,33754,31084
32708,32864,32128,32823,34275,36624,35357,34322,33648,37302,33754,31084
32715,32812,31894,32728,34274,36624,35380,34292,33656,37312,33776,31108
32764,32823,32168,32783,34274,36624,35380,34292,33656,37312,33776,31108
32827,32775,35488,32773,34274,36624,35380,34292,33656,37312,33776,31108
32842,32717,37135,32726,34274,36624,35380,34292,33656,37312,33776,31108
32833,32751,34197,32618,34274,36624,35380,34292,33656,37312,33776,31108
32834,32803,33490,32678,34274,36624,35380,34292,33656,37312,33776,31108
32787,32891,33486,32815,34274,36624,35380,34292,33656,37312,33776,31108
32740,32807,32958,32821,34274,36624,35380,34292,33656,37312,33776,31108
32723,32740,32171,32844,34274,36624,35380,34292,33656,37312,33776,31108
32750,32775,31411,32793,34274,36624,35380,34292,33656,37312,33776,31108
32735,32775,31226,32731,34264,36605,35408,34264,33656,37296,33768,31024
32796,32759,33010,32748,34264,36605,35408,34264,33656,37296,33768,31024
32684,32754,32178,32719,34264,36605,35408,34264,33656,37296,33768,31024
32726,32806,31533,32835,34264,36605,35408,34264,33656,37296,33768,31024
32746,32775,32609,32727,34264,36605,35408,34264,33656,37296,33768,31024
32711,32741,32154,32809,34264,36605,35408,34264,33656,37296,33768,31024
32710,32703,33007,32775,34264,36605,35408,34264,33656,37296,33768,31024
32725,32812,33335,32745,34264,36605,35408,34264,33656,37296,33768,31024
32722,32807,32886,32763,34264,36605,35408,34264,33656,37296,33768,31024
32716,32787,33390,32733,34264,36605,35408,34264,33656,37296,33768,31024
32754,32851,32739,32687,34252,36600,35404,34252,33678,37274,33767,31090
32756,32838,32761,32742,34252,36600,35404,34252,33678,37274,33767,31090
32830,32887,32428,32847,34252,36600,35404,34252,33678,37274,33767,31090
32778,32911,32767,32873,34252,36600,35404,34252,33678,37274,33767,31090
32810,32759,33016,32939,34252,36600,35404,34252,33678,37274,33767,31090
32822,32795,32434,33063,34252,36600,35404,34252,33678,37274,33767,31090
32867,32785,31967,32827,34252,36600,35404,34252,33678,37274,33767,31090
32819,32896,31813,32875,34252,36600,35404,34252,33678,37274,33767,31090
32842,32806,32685,32765,34252,36600,35404,34252,33678,37274,33767,31090
32837,32903,33329,32787,34252,36600,35404,34252,33678,37274,33767,31090
32787,32875,32145,32682,34266,36583,35414,34416,33672,37272,33748,31024
32762,32775,31675,32802,34266,36583,35414,34416,33672,37272,33748,31024
32758,32839,32658,32737,34266,36583,35414,34416,33672,37272,33748,31024
32797,32872,33461,32663,34266,36583,35414,34416,33672,37272,33748,31024
32756,32883,34851,32746,34266,36583,35414,34416,33672,37272,33748,31024
32706,32852,33090,32738,34266,36583,35414,34416,33672,37272,33748,31024
32748,32813,31975,32743,34266,36583,35414,34416,33672,37272,33748,31024
32674,32831,32492,32749,34266,36583,35414,34416,33672,37272,33748,31024
32745,32765,34823,32615,34266,36583,35414,34416,33672,37272,33748,31024
32728,32839,34029,32674,34266,36583,35414,34416,33672,37272,33748,31024
32761,32785,33089,32775,34248,36580,35392,34320,33668,37264,33745,31005
32690,32769,32254,32799,34248,36580,35392,34320,33668,37264,33745,31005
32729,32784,31896,32807,34248,36580,35392,34320,33668,37264,33745,31005
32735,32743,32245,32923,34248,36580,35392,34320,33668,37264,33745,31005
32766,32802,32775,32833,34248,36580,35392,34320,33668,37264,33745,31005
32815,32819,32698,32767,34248,36580,35392,34320,33668,37264,33745,31005
32773,32751,32613,32741,34248,36580,35392,34320,33668,37264,33745,31005
32772,32737,32653,32821,34248,36580,35392,34320,33668,37264,33745,31005
32761,32751,32552,32839,34248,36580,35392,34320,33668,37264,33745,31005
32743,32880,32711,32813,34248,36580,35392,34320,33668,37264,33745,31005
32810,32834,32400,32813,34276,36594,35392,34436,33668,37272,33750,31060
32806,32845,32191,32745,34276,36594,35392,34436,33668,37272,33750,31060
32696,32878,32363,32829,34276,36594,35392,34436,33668,37272,33750,31060
32782,32775,33524,32813,34276,36594,35392,34436,33668,37272,33750,31060
32786,32811,34232,32821,34276,36594,35392,34436,33668,37272,33750,31060
32799,32667,33285,32901,34276,36594,35392,34436,33668,37272,33750,31060
32744,32757,32613,32751,34276,36594,35392,34436,33668,37272,33750,31060
32658,32745,32391,32787,34276,36594,35392,34436,33668,37272,33750,31060
32696,32826,32235,32784,34276,36594,35392,34436,33668,37272,33750,31060
32758,32806,31943,32661,34276,36594,35392,34436,33668,37272,33750,31060
32750,32743,31885,32720,34274,36608,35352,34288,33672,37277,33772,31109
32829,32677,32034,32982,34274,36608,35352,34288,33672,37277,33772,31109
32753,32698,32774,32861,34274,36608,35352,34288,33672,37277,33772,31109
32681,32839,33227,32754,34274,36608,35352,34288,33672,37277,33772,31109
32690,32783,33903,32822,34274,36608,35352,34288,33672,37277,33772,31109
32749,32799,33083,32923,34274,36608,35352,34288,33672,37277,33772,31109
32795,32921,32641,32973,34274,36608,35352,34288,33672,37277,33772,31109
32768,32967,32658,32647,34274,36608,35352,34288,33672,37277,33772,31109
32732,32835,32580,32699,34274,36608,35352,34288,33672,37277,33772,31109
32787,32835,32723,32717,34274,36608,35352,34288,33672,37277,33772,31109
32766,32809,33366,32625,34278,36592,35368,34346,33676,37276,33784,31108
32750,32825,33172,32697,34278,36592,35368,34346,33676,37276,33784,31108
32716,32839,32791,32817,34278,36592,35368,34346,33676,37276,33784,31108
32743,32739,32845,32832,34278,36592,35368,34346,33676,37276,33784,31108
32760,32791,32490,32842,34278,36592,35368,34346,33676,37276,33784,31108
32752,32879,31954,32763,34278,36592,35368,34346,33676,37276,33784,31108
32748,32858,32823,32762,34278,36592,35368,34346,33676,37276,33784,31108
32724,32811,32791,32770,34278,36592,35368,34346,33676,37276,33784,31108
32744,32709,32517,32801,34278,36592,35368,34346,33676,37276,33784,31108
32793,32749,32263,32793,34278,36592,35368,34346,33676,37276,33784,31108
32694,32767,32371,32755,34284,36584,35392,34354,33682,37280,33764,31084
32775,32693,32110,32861,34284,36584,35392,34354,33682,37280,33764,31084
32758,32758,32826,32839,34284,36584,35392,34354,33682,37280,33764,31084
32792,32711,33901,32811,34284,36584,35392,34354,33682,37280,33764,31084
32800,32883,32999,32787,34284,36584,35392,34354,33682,37280,33764,31084
32811,32988,33081,32914,34284,36584,35392,34354,33682,37280,33764,31084
32813,32967,33792,32888,34284,36584,35392,34354,33682,37280,33764,31084
32808,32919,33483,32878,34284,36584,35392,34354,33682,37280,33764,31084
32784,32916,34345,32821,34284,36584,35392,34354,33682,37280,33764,31084
32809,32950,33888,32802,34284,36584,35392,34354,33682,37280,33764,31084
32752,32839,32820,32773,34272,36600,35388,34322,33696,37276,33764,31050
32774,32861,32621,32820,34272,36600,35388,34322,33696,37276,33764,31050
32775,32844,32134,32758,34272,36600,35388,34322,33696,37276,33764,31050
32768,32821,30642,32775,34272,36600,35388,34322,33696,37276,33764,31050
32738,32941,30897,32839,34272,36600,35388,34322,33696,37276,33764,31050
32828,32825,31716,32789,34272,36600,35388,34322,33696,37276,33764,31050
32784,32809,32661,32825,34272,36600,35388,34322,33696,37276,33764,31050
32738,32818,33735,32738,34272,36600,35388,34322,33696,37276,33764,31050
32784,32739,33145,32761,34272,36600,35388,34322,33696,37276,33764,31050
32824,32839,32718,32630,34272,36600,35388,34322,33696,37276,33764,31050
32762,32809,32668,32433,34272,36596,35369,34420,33666,37300,33792,31094
32728,32701,32487,32691,34272,36596,35369,34420,33666,37300,33792,31094
32790,32726,32556,32701,34272,36596,35369,34420,33666,37300,33792,31094
32805,32711,32738,32767,34272,36596,35369,34420,33666,37300,33792,31094
32768,32731,33383,32805,34272,36596,35369,34420,33666,37300,33792,31094
32775,32743,33139,32794,34272,36596,35369,34420,33666,37300,33792,31094
32789,32717,32787,32771,34272,36596,35369,34420,33666,37300,33792,31094
32773,32697,32847,32775,34272,36596,35369,34420,33666,37300,33792,31094
32845,32674,33226,32758,34272,36596,35369,34420,33666,37300,33792,31094
32774,32771,32619,32786,34272,36596,35369,34420,33666,37300,33792,31094
32852,32754,32404,32805,34272,36610,35386,34400,33684,37280,33786,31073
32760,32685,32581,32639,34272,36610,35386,34400,33684,37280,33786,31073
32713,32787,32746,32733,34272,36610,35386,34400,33684,37280,33786,31073
32696,32839,32685,32783,34272,36610,35386,34400,33684,37280,33786,31073
32732,32774,32715,32819,34272,36610,35386,34400,33684,37280,33786,31073
32756,32797,33077,32823,34272,36610,35386,34400,33684,37280,33786,31073
32813,32771,32771,32735,34272,36610,35386,34400,33684,37280,33786,31073
32768,32864,34195,32775,34272,36610,35386,34400,33684,37280,33786,31073
32780,32911,33834,32815,34272,36610,35386,34400,33684,37280,33786,31073
32764,32814,32645,32762,34272,36610,35386,34400,33684,37280,33786,31073
32815,32784,32379,32788,34264,36600,35381,34420,33680,37280,33769,31021
32798,32718,31693,32903,34264,36600,35381,34420,33680,37280,33769,31021
32740,32854,32287,32887,34264,36600,35381,34420,33680,37280,33769,31021
32775,32901,32619,32707,34264,36600,35381,34420,33680,37280,33769,31021
32735,32862,32108,32664,34264,36600,35381,34420,33680,37280,33769,31021
32804,32934,32187,32701,34264,36600,35381,34420,33680,37280,33769,31021
32770,32879,32621,32839,34264,36600,35381,34420,33680,37280,33769,31021
32770,32799,32829,32647,34264,36600,35381,34420,33680,37280,33769,31021
32775,32813,33550,32769,34264,36600,35381,34420,33680,37280,33769,31021
32795,32906,33411,32829,34264,36600,35381,34420,33680,37280,33769,31021
32765,32907,32988,32818,34288,36588,35392,34388,33668,37281,33760,31090
32740,32875,32754,32669,34288,36588,35392,34388,33668,37281,33760,31090
32747,32824,32575,32698,34288,36588,35392,34388,33668,37281,33760,31090
32814,32802,32553,32879,34288,36588,35392,34388,33668,37281,33760,31090
32757,32806,32599,32898,34288,36588,35392,34388,33668,37281,33760,31090
32776,32726,32775,32845,34288,36588,35392,34388,33668,37281,33760,31090
32738,32807,32755,32861,34288,36588,35392,34388,33668,37281,33760,31090
32772,32727,32557,32916,34288,36588,35392,34388,33668,37281,33760,31090
32716,32716,33413,32910,34288,36588,35392,34388,33668,37281,33760,31090
32701,32758,33741,32791,34288,36588,35392,34388,33668,37281,33760,31090
32710,32775,32895,32827,34298,36584,35368,34288,33680,37282,33796,31104
32742,32807,32999,32805,34298,36584,35368,34288,33680,37282,33796,31104
32712,32803,33086,32799,34298,36584,35368,34288,33680,37282,33796,31104
32697,32816,32354,32815,34298,36584,35368,34288,33680,37282,33796,31104
32750,32751,32667,32758,34298,36584,35368,34288,33680,37282,33796,31104
32772,32835,32771,32735,34298,36584,35368,34288,33680,37282,33796,31104
32795,32850,32613,32828,34298,36584,35368,34288,33680,37282,33796,31104
32789,32818,32374,32755,34298,36584,35368,34288,33680,37282,33796,31104
32739,32787,32402,32711,34298,36584,35368,34288,33680,37282,33796,31104
32775,32789,32467,32687,34298,36584,35368,34288,33680,37282,33796,31104
32748,32887,32390,32745,34292,36600,35354,34432,33701,37288,33740,31020
32728,32709,33016,32775,34292,36600,35354,34432,33701,37288,33740,31020
32801,32817,32471,32839,34292,36600,35354,34432,33701,37288,33740,31020
32822,32824,32977,32780,34292,36600,35354,34432,33701,37288,33740,31020
32775,32890,33383,32811,34292,36600,35354,34432,33701,37288,33740,31020
32714,32768,32451,32716,34292,36600,35354,34432,33701,37288,33740,31020
32674,32724,32073,32759,34292,36600,35354,34432,33701,37288,33740,31020
32791,32697,32391,32805,34292,36600,35354,34432,33701,37288,33740,31020
32743,32755,32143,32877,34292,36600,35354,34432,33701,37288,33740,31020
32733,32639,32486,32804,34292,36600,35354,34432,33701,37288,33740,31020
32780,32775,32195,32751,34336,36592,35376,34320,33682,37288,33762,31076
32746,32795,32459,32700,34336,36592,35376,34320,33682,37288,33762,31076
32774,32775,33769,32833,34336,36592,35376,34320,33682,37288,33762,31076
32742,32851,33036,32879,34336,36592,35376,34320,33682,37288,33762,31076
32758,32922,34081,32793,34336,36592,35376,34320,33682,37288,33762,31076
32752,32944,33668,32775,34336,36592,35376,34320,33682,37288,33762,31076
32762,32965,32910,32647,34336,36592,35376,34320,33682,37288,33762,31076
32786,32941,32354,32727,34336,36592,35376,34320,33682,37288,33762,31076
32858,32929,32830,32743,34336,36592,35376,34320,33682,37288,33762,31076
32853,32943,32806,32761,34336,36592,35376,34320,33682,37288,33762,31076
32827,32921,35020,32921,34309,36616,35386,34240,33696,37280,33752,31016
32838,32851,34823,32918,34309,36616,35386,34240,33696,37280,33752,31016
32832,32759,33875,32866,34309,36616,35386,34240,33696,37280,33752,31016
32768,32774,31735,32821,34309,36616,35386,34240,33696,37280,33752,31016
32734,32667,31087,32858,34309,36616,35386,34240,33696,37280,33752,31016
32711,32691,31392,32733,34309,36616,35386,34240,33696,37280,33752,31016
32758,32662,32198,32615,34309,36616,35386,34240,33696,37280,33752,31016
32742,32775,32487,32567,34309,36616,35386,34240,33696,37280,33752,31016
32688,32755,32391,32895,34309,36616,35386,34240,33696,37280,33752,31016
32665,32807,32431,32864,34309,36616,35386,34240,33696,37280,33752,31016
32748,32719,32678,32795,34296,36620,35376,34429,33698,37278,33744,31002
32740,32789,32723,32685,34296,36620,35376,34429,33698,37278,33744,31002
32792,32906,32555,32695,34296,36620,35376,34429,33698,37278,33744,31002
32785,32839,32477,32850,34296,36620,35376,34429,33698,37278,33744,31002
32790,32893,33005,32751,34296,36620,35376,34429,33698,37278,33744,31002
32792,32909,32969,32836,34296,36620,35376,34429,33698,37278,33744,31002
32802,33031,32791,32861,34296,36620,35376,34429,33698,37278,33744,31002
32840,32933,32580,32868,34296,36620,35376,34429,33698,37278,33744,31002
32833,32923,31879,32787,34296,36620,35376,34429,33698,37278,33744,31002
32875,32928,31275,32837,34296,36620,35376,34429,33698,37278,33744,31002
32789,32899,33175,32835,34308,36618,35320,34410,33692,37265,33716,31005
32786,32867,35175,32623,34308,36618,35320,34410,33692,37265,33716,31005
32812,32829,33487,32710,34308,36618,35320,34410,33692,37265,33716,31005
32724,32878,32839,32834,34308,36618,35320,34410,33692,37265,33716,31005
32712,32926,32656,32815,34308,36618,35320,34410,33692,37265,33716,31005
32717,32901,32889,32852,34308,36618,35320,34410,33692,37265,33716,31005
32736,32794,32835,32758,34308,36618,35320,34410,33692,37265,33716,31005
32728,32767,32734,32774,34308,36618,35320,34410,33692,37265,33716,31005
32711,32825,32714,32639,34308,36618,35320,34410,33692,37265,33716,31005
32740,32740,32573,32651,34308,36618,35320,34410,33692,37265,33716,31005
32733,32771,32582,32687,34320,36608,35352,34288,33688,37284,33740,31098
32742,32811,32883,32727,34320,36608,35352,34288,33688,37284,33740,31098
32763,32806,32839,32790,34320,36608,35352,34288,33688,37284,33740,31098
32760,32870,32961,32868,34320,36608,35352,34288,33688,37284,33740,31098
32743,32767,32903,32807,34320,36608,35352,34288,33688,37284,33740,31098
32765,32767,32599,32895,34320,36608,35352,34288,33688,37284,33740,31098
32754,32614,32643,32767,34320,36608,35352,34288,33688,37284,33740,31098
32780,32673,32767,32850,34320,36608,35352,34288,33688,37284,33740,31098
32783,32625,32199,32985,34320,36608,35352,34288,33688,37284,33740,31098
32775,32659,31801,32877,34320,36608,35352,34288,33688,37284,33740,31098
32800,32631,32737,32722,34305,36620,35368,34384,33700,37292,33738,31022
32718,32679,33561,32539,34305,36620,35368,34384,33700,37292,33738,31022
32767,32769,32114,32916,34305,36620,35368,34384,33700,37292,33738,31022
32786,32782,32417,33020,34305,36620,35368,34384,33700,37292,33738,31022
32763,32739,32722,32869,34305,36620,35368,34384,33700,37292,33738,31022
32720,32715,32431,32746,34305,36620,35368,34384,33700,37292,33738,31022
32789,32838,33106,32623,34305,36620,35368,34384,33700,37292,33738,31022
32779,32861,34285,32603,34305,36620,35368,34384,33700,37292,33738,31022
32703,32871,33615,32887,34305,36620,35368,34384,33700,37292,33738,31022
32752,32899,33698,32903,34305,36620,35368,34384,33700,37292,33738,31022
32760,32794,32101,32722,34320,36624,35328,34448,33704,37281,33737,31016
32806,32805,32039,32665,34320,36624,35328,34448,33704,37281,33737,31016
32792,32775,32175,32829,34320,36624,35328,34448,33704,37281,33737,31016
32834,32818,32172,33015,34320,36624,35328,34448,33704,37281,33737,31016
32740,32875,32468,32818,34320,36624,35328,34448,33704,37281,33737,31016
32788,32883,32772,32823,34320,36624,35328,34448,33704,37281,33737,31016
32734,32918,32851,32735,34320,36624,35328,34448,33704,37281,33737,31016
32698,32886,32658,32663,34320,36624,35328,34448,33704,37281,33737,31016
32733,32898,33063,32659,34320,36624,35328,34448,33704,37281,33737,31016
32756,32854,33380,32634,34320,36624,35328,34448,33704,37281,33737,31016
32737,32857,33068,32691,34341,36613,35323,34416,33684,37288,33736,31118
32742,32903,32615,32838,34341,36613,35323,34416,33684,37288,33736,31118
32802,32869,32477,32746,34341,36613,35323,34416,33684,37288,33736,31118
32808,32773,32798,32683,34341,36613,35323,34416,33684,37288,33736,31118
32782,32737,32869,32834,34341,36613,35323,34416,33684,37288,33736,31118
32720,32733,32942,32903,34341,36613,35323,34416,33684,37288,33736,31118
32744,32759,32380,32875,34341,36613,35323,34416,33684,37288,33736,31118
32796,32684,33023,32786,34341,36613,35323,34416,33684,37288,33736,31118
32736,32715,32914,32793,34341,36613,35323,34416,33684,37288,33736,31118
32741,32726,32814,32739,34341,36613,35323,34416,33684,37288,33736,31118
32684,32771,33247,32903,34320,36624,35360,34271,33692,37280,33760,31096
32750,32701,32804,32975,34320,36624,35360,34271,33692,37280,33760,31096
32762,32724,32756,32884,34320,36624,35360,34271,33692,37280,33760,31096
32758,32745,33005,32757,34320,36624,35360,34271,33692,37280,33760,31096
32740,32759,32219,32855,34320,36624,35360,34271,33692,37280,33760,31096
32802,32835,32125,32815,34320,36624,35360,34271,33692,37280,33760,31096
32791,32772,32375,32786,34320,36624,35360,34271,33692,37280,33760,31096
32780,32887,32289,32715,34320,36624,35360,34271,33692,37280,33760,31096
32841,32857,32658,32823,34320,36624,35360,34271,33692,37280,33760,31096
32829,32960,32699,32835,34320,36624,35360,34271,33692,37280,33760,31096
32794,32859,32934,32885,34306,36608,35360,34364,33686,37266,33769,31106
32785,32898,33498,32930,34306,36608,35360,34364,33686,37266,33769,31106
32775,32719,32469,32786,34306,36608,35360,34364,33686,37266,33769,31106
32798,32857,32605,32739,34306,36608,35360,34364,33686,37266,33769,31106
32748,32804,31668,32765,34306,36608,35360,34364,33686,37266,33769,31106
32744,32837,31374,32898,34306,36608,35360,34364,33686,37266,33769,31106
32749,32811,32362,32467,34306,36608,35360,34364,33686,37266,33769,31106
32770,32949,34383,32275,34306,36608,35360,34364,33686,37266,33769,31106
32805,32847,35179,32698,34306,36608,35360,34364,33686,37266,33769,31106
32820,32839,32671,32775,34306,36608,35360,34364,33686,37266,33769,31106
32781,32741,32238,32939,34296,36596,35368,34440,33692,37296,33748,31046
32767,32767,32805,32959,34296,36596,35368,34440,33692,37296,33748,31046
32773,32758,32958,33031,34296,36596,35368,34440,33692,37296,33748,31046
32772,32766,32802,32943,34296,36596,35368,34440,33692,37296,33748,31046
32729,32824,33541,32957,34296,36596,35368,34440,33692,37296,33748,31046
32737,32780,33223,32827,34296,36596,35368,34440,33692,37296,33748,31046
32726,32763,32573,32925,34296,36596,35368,34440,33692,37296,33748,31046
32743,32803,32247,32863,34296,36596,35368,34440,33692,37296,33748,31046
32712,32863,32013,32739,34296,36596,35368,34440,33692,37296,33748,31046
32728,32890,33465,32731,34296,36596,35368,34440,33692,37296,33748,31046
32744,32886,33436,32698,34293,36596,35362,34420,33684,37288,33806,31074
32732,32814,33129,32724,34293,36596,35362,34420,33684,37288,33806,31074
32763,32875,32762,32722,34293,36596,35362,34420,33684,37288,33806,31074
32780,32857,32963,32745,34293,36596,35362,34420,33684,37288,33806,31074
32773,32907,32747,32806,34293,36596,35362,34420,33684,37288,33806,31074
32788,32886,32530,32730,34293,36596,35362,34420,33684,37288,33806,31074
32758,32843,32437,32717,34293,36596,35362,34420,33684,37288,33806,31074
32763,32921,32482,32708,34293,36596,35362,34420,33684,37288,33806,31074
32792,32815,32519,32712,34293,36596,35362,34420,33684,37288,33806,31074
32775,32784,32311,32794,34293,36596,35362,34420,33684,37288,33806,31074
32809,32775,32078,32817,34300,36580,35388,34252,33700,37274,33816,31074
32824,32687,32137,32923,34300,36580,35388,34252,33700,37274,33816,31074
32804,32711,34034,32983,34300,36580,35388,34252,33700,37274,33816,31074
32768,32737,33682,32831,34300,36580,35388,34252,33700,37274,33816,31074
32813,32743,32636,32735,34300,36580,35388,34252,33700,37274,33816,31074
32809,32729,32666,32735,34300,36580,35388,34252,33700,37274,33816,31074
32800,32733,32820,32783,34300,36580,35388,34252,33700,37274,33816,31074
32838,32870,32532,32639,34300,36580,35388,34252,33700,37274,33816,31074
32765,32855,32481,32729,34300,36580,35388,34252,33700,37274,33816,31074
32719,32805,32539,32811,34300,36580,35388,34252,33700,37274,33816,31074
32684,32775,32578,32791,34280,36588,35396,34308,33684,37280,33804,31106
32767,32754,31927,32764,34280,36588,35396,34308,33684,37280,33804,31106
32775,32809,31998,32839,34280,36588,35396,34308,33684,37280,33804,31106
32732,32827,31998,32903,34280,36588,35396,34308,33684,37280,33804,31106
32798,32798,33253,32754,34280,36588,35396,34308,33684,37280,33804,31106
32773,32726,32840,32720,34280,36588,35396,34308,33684,37280,33804,31106
32766,32837,32839,32735,34280,36588,35396,34308,33684,37280,33804,31106
32756,32811,32548,32720,34280,36588,35396,34308,33684,37280,33804,31106
32738,32871,34093,32726,34280,36588,35396,34308,33684,37280,33804,31106
32726,32851,35131,32740,34280,36588,35396,34308,33684,37280,33804,31106
32731,32843,34110,32717,34288,36592,35436,34340,33690,37282,33800,31112
32705,32833,32572,32834,34288,36592,35436,34340,33690,37282,33800,31112
32788,32841,32511,32703,34288,36592,35436,34340,33690,37282,33800,31112
32806,32893,32775,32756,34288,36592,35436,34340,33690,37282,33800,31112
32780,32831,33003,32799,34288,36592,35436,34340,33690,37282,33800,31112
32686,32841,32611,32871,34288,36592,35436,34340,33690,37282,33800,31112
32729,32827,32742,32699,34288,36592,35436,34340,33690,37282,33800,31112
32743,32770,32347,32695,34288,36592,35436,34340,33690,37282,33800,31112
32790,32818,32545,32758,34288,36592,35436,34340,33690,37282,33800,31112
32786,32807,32462,32697,34288,36592,35436,34340,33690,37282,33800,31112
32745,32775,31980,32845,34294,36564,35394,34275,33680,37274,33828,31084
32775,32773,32268,32735,34294,36564,35394,34275,33680,37274,33828,31084
32749,32768,32261,32801,34294,36564,35394,34275,33680,37274,33828,31084
32738,32789,32535,32627,34294,36564,35394,34275,33680,37274,33828,31084
32773,32767,32837,32772,34294,36564,35394,34275,33680,37274,33828,31084
32746,32787,32879,32856,34294,36564,35394,34275,33680,37274,33828,31084
32748,32775,32899,32786,34294,36564,35394,34275,33680,37274,33828,31084
32742,32698,32691,32676,34294,36564,35394,34275,33680,37274,33828,31084
32739,32730,32711,32735,34294,36564,35394,34275,33680,37274,33828,31084
32808,32800,32959,32770,34294,36564,35394,34275,33680,37274,33828,31084
32786,32859,32943,32847,34266,36588,35424,34260,33684,37285,33812,31076
32747,32946,32761,32771,34266,36588,35424,34260,33684,37285,33812,31076
32784,32901,32575,32748,34266,36588,35424,34260,33684,37285,33812,31076
32754,32855,32802,32820,34266,36588,35424,34260,33684,37285,33812,31076
32733,32885,32949,32747,34266,36588,35424,34260,33684,37285,33812,31076
32736,32967,32987,32775,34266,36588,35424,34260,33684,37285,33812,31076
32676,32857,32856,32738,34266,36588,35424,34260,33684,37285,33812,31076
32759,32892,32615,32874,34266,36588,35424,34260,33684,37285,33812,31076
32749,32921,33513,32819,34266,36588,35424,34260,33684,37285,33812,31076
32763,32854,33133,32798,34266,36588,35424,34260,33684,37285,33812,31076
32726,32909,32633,32750,34264,36550,35448,34440,33662,37284,33806,31096
32708,32868,31679,32690,34264,36550,35448,34440,33662,37284,33806,31096
32793,32855,31389,32771,34264,36550,35448,34440,33662,37284,33806,31096
32820,32765,31839,32839,34264,36550,35448,34440,33662,37284,33806,31096
32775,32803,32327,32839,34264,36550,35448,34440,33662,37284,33806,31096
32748,32692,32981,32789,34264,36550,35448,34440,33662,37284,33806,31096
32755,32733,33930,32711,34264,36550,35448,34440,33662,37284,33806,31096
32748,32727,33535,32675,34264,36550,35448,34440,33662,37284,33806,31096
32762,32743,32865,32792,34264,36550,35448,34440,33662,37284,33806,31096
32742,32647,32671,32801,34264,36550,35448,34440,33662,37284,33806,31096
